0	50	0
50	100	0
100	150	0
150	200	0
200	250	0
250	300	0
300	350	0
350	400	0
400	450	0
450	500	0
500	550	0
550	600	0
600	650	0
650	700	0
700	750	0
750	800	0
800	850	0
850	900	0
900	950	0
950	1000	0
1000	1050	0
1050	1100	0
1100	1150	0
1150	1200	0
1200	1250	0
1250	1300	0
1300	1350	0
1350	1400	0
1400	1450	0
1450	1500	0
1500	1550	0
1550	1600	0
1600	1650	0
1650	1700	0
1700	1750	0
1750	1800	0
1800	1850	0
1850	1900	0
1900	1950	0
1950	2000	0
2000	2050	0
2050	2100	0
2100	2150	0
2150	2200	0
2200	2250	0
2250	2300	0
2300	2350	0
2350	2400	0
2400	2450	0
2450	2500	0
2500	2550	0
2550	2600	0
2600	2650	0
2650	2700	0
2700	2750	0
2750	2800	0
2800	2850	0
2850	2900	0
2900	2950	0
2950	3000	0
3000	3050	0
3050	3100	0
3100	3150	0
3150	3200	0
3200	3250	0
3250	3300	0
3300	3350	0
3350	3400	0
3400	3450	0
3450	3500	0
3500	3550	0
3550	3600	0
3600	3650	0
3650	3700	0
3700	3750	0
3750	3800	0
3800	3850	0
3850	3900	0
3900	3950	0
3950	4000	0
4000	4050	0
4050	4100	0
4100	4150	0
4150	4200	0
4200	4250	0
4250	4300	0
4300	4350	0
4350	4400	0
4400	4450	0
4450	4500	0
4500	4550	0
4550	4600	0
4600	4650	0
4650	4700	0
4700	4750	0
4750	4800	0
4800	4850	0
4850	4900	0
4900	4950	0
4950	5000	0
5000	5050	0
5050	5100	0
5100	5150	0
5150	5200	0
5200	5250	0
5250	5300	0
5300	5350	0
5350	5400	0
5400	5450	0
5450	5500	0
5500	5550	0
5550	5600	0
5600	5650	0
5650	5700	0
5700	5750	0
5750	5800	0
5800	5850	0
5850	5900	0
5900	5950	0
5950	6000	0
6000	6050	0
6050	6100	0
6100	6150	0
6150	6200	0
6200	6250	0
6250	6300	0
6300	6350	0
6350	6400	0
6400	6450	0
6450	6500	0
6500	6550	0
6550	6600	0
6600	6650	0
6650	6700	0
6700	6750	0
6750	6800	0
6800	6850	0
6850	6900	0
6900	6950	0
6950	7000	0
7000	7050	0
7050	7100	0
7100	7150	0
7150	7200	0
7200	7250	0
7250	7300	0
7300	7350	0
7350	7400	0
7400	7450	0
7450	7500	0
7500	7550	0
7550	7600	0
7600	7650	0
7650	7700	0
7700	7750	0
7750	7800	0
7800	7850	0
7850	7900	0
7900	7950	0
7950	8000	0
8000	8050	0
8050	8100	0
8100	8150	0
8150	8200	0
8200	8250	0
8250	8300	0
8300	8350	0
8350	8400	0
8400	8450	0
8450	8500	0
8500	8550	0
8550	8600	0
8600	8650	0
8650	8700	0
8700	8750	0
8750	8800	0
8800	8850	0
8850	8900	0
8900	8950	0
8950	9000	0
9000	9050	0
9050	9100	0
9100	9150	0
9150	9200	0
9200	9250	0
9250	9300	0
9300	9350	0
9350	9400	0
9400	9450	0
9450	9500	0
9500	9550	0
9550	9600	0
9600	9650	0
9650	9700	0
9700	9750	0
9750	9800	0
9800	9850	0
9850	9900	0
9900	9950	0
9950	10000	0
10000	10050	0
10050	10100	0
10100	10150	0
10150	10200	0
10200	10250	0
10250	10300	0
10300	10350	0
10350	10400	0
10400	10450	0
10450	10500	0
10500	10550	0
10550	10600	0
10600	10650	0
10650	10700	0
10700	10750	0
10750	10800	0
10800	10850	0
10850	10900	0
10900	10950	0
10950	11000	0
11000	11050	0
11050	11100	0
11100	11150	0
11150	11200	0
11200	11250	0
11250	11300	0
11300	11350	0
11350	11400	0
11400	11450	0
11450	11500	0
11500	11550	0
11550	11600	0
11600	11650	0
11650	11700	0
11700	11750	0
11750	11800	0
11800	11850	0
11850	11900	0
11900	11950	0
11950	12000	0
12000	12050	0
12050	12100	0
12100	12150	0
12150	12200	0
12200	12250	0
12250	12300	0
12300	12350	0
12350	12400	0
12400	12450	0
12450	12500	0
12500	12550	0
12550	12600	0
12600	12650	0
12650	12700	0
12700	12750	0
12750	12800	0
12800	12850	0
12850	12900	0
12900	12950	0
12950	13000	0
13000	13050	0
13050	13100	0
13100	13150	0
13150	13200	0
13200	13250	0
13250	13300	0
13300	13350	0
13350	13400	0
13400	13450	0
13450	13500	0
13500	13550	0
13550	13600	0
13600	13650	0
13650	13700	0
13700	13750	0
13750	13800	0
13800	13850	0
13850	13900	0
13900	13950	0
13950	14000	0
14000	14050	0
14050	14100	0
14100	14150	0
14150	14200	0
14200	14250	0
14250	14300	0
14300	14350	0
14350	14400	0
14400	14450	0
14450	14500	0
14500	14550	0
14550	14600	0
14600	14650	0
14650	14700	0
14700	14750	0
14750	14800	0
14800	14850	0
14850	14900	0
14900	14950	0
14950	15000	0
15000	15050	0
15050	15100	0
15100	15150	0
15150	15200	0
15200	15250	0
15250	15300	0
15300	15350	0
15350	15400	0
15400	15450	0
15450	15500	0
15500	15550	0
15550	15600	0
15600	15650	0
15650	15700	0
15700	15750	0
15750	15800	0
15800	15850	0
15850	15900	0
15900	15950	0
15950	16000	0
16000	16050	0
16050	16100	0
16100	16150	0
16150	16200	0
16200	16250	0
16250	16300	0
16300	16350	0
16350	16400	0
16400	16450	0
16450	16500	0
16500	16550	0
16550	16600	0
16600	16650	0
16650	16700	0
16700	16750	0
16750	16800	0
16800	16850	0
16850	16900	0
16900	16950	0
16950	17000	0
17000	17050	0
17050	17100	0
17100	17150	0
17150	17200	0
17200	17250	0
17250	17300	0
17300	17350	0
17350	17400	0
17400	17450	0
17450	17500	0
17500	17550	0
17550	17600	0
17600	17650	0
17650	17700	0
17700	17750	0
17750	17800	0
17800	17850	0
17850	17900	0
17900	17950	0
17950	18000	0
18000	18050	0
18050	18100	0
18100	18150	0
18150	18200	0
18200	18250	0
18250	18300	0
18300	18350	0
18350	18400	0
18400	18450	0
18450	18500	0
18500	18550	0
18550	18600	0
18600	18650	0
18650	18700	0
18700	18750	0
18750	18800	0
18800	18850	0
18850	18900	0
18900	18950	0
18950	19000	0
19000	19050	0
19050	19100	0
19100	19150	0
19150	19200	0
19200	19250	0
19250	19300	0
19300	19350	0
19350	19400	0
19400	19450	0
19450	19500	0
19500	19550	0
19550	19600	0
19600	19650	0
19650	19700	0
19700	19750	0
19750	19800	0
19800	19850	0
19850	19900	0
19900	19950	0
19950	20000	0
20000	20050	0
20050	20100	0
20100	20150	0
20150	20200	0
20200	20250	0
20250	20300	0
20300	20350	0
20350	20400	0
20400	20450	0
20450	20500	0
20500	20550	0
20550	20600	0
20600	20650	0
20650	20700	0
20700	20750	0
20750	20800	0
20800	20850	0
20850	20900	0
20900	20950	0
20950	21000	0
21000	21050	0
21050	21100	0
21100	21150	0
21150	21200	0
21200	21250	0
21250	21300	0
21300	21350	0
21350	21400	0
21400	21450	0
21450	21500	0
21500	21550	0
21550	21600	0
21600	21650	0
21650	21700	0
21700	21750	0
21750	21800	0
21800	21850	0
21850	21900	0
21900	21950	0
21950	22000	0
22000	22050	0
22050	22100	0
22100	22150	0
22150	22200	0
22200	22250	0
22250	22300	0
22300	22350	0
22350	22400	0
22400	22450	0
22450	22500	0
22500	22550	0
22550	22600	0
22600	22650	0
22650	22700	0
22700	22750	0
22750	22800	0
22800	22850	0
22850	22900	0
22900	22950	0
22950	23000	0
23000	23050	0
23050	23100	0
23100	23150	0
23150	23200	0
23200	23250	0
23250	23300	0
23300	23350	0
23350	23400	0
23400	23450	0
23450	23500	0
23500	23550	0
23550	23600	0
23600	23650	0
23650	23700	0
23700	23750	0
23750	23800	0
23800	23850	0
23850	23900	0
23900	23950	0
23950	24000	0
24000	24050	0
24050	24100	0
24100	24150	0
24150	24200	0
24200	24250	0
24250	24300	0
24300	24350	0
24350	24400	0
24400	24450	0
24450	24500	0
24500	24550	0
24550	24600	0
24600	24650	0
24650	24700	0
24700	24750	0
24750	24800	0
24800	24850	0
24850	24900	0
24900	24950	0
24950	25000	0
25000	25050	0
25050	25100	0
25100	25150	0
25150	25200	0
25200	25250	0
25250	25300	0
25300	25350	0
25350	25400	0
25400	25450	0
25450	25500	0
25500	25550	0
25550	25600	0
25600	25650	0
25650	25700	0
25700	25750	0
25750	25800	0
25800	25850	0
25850	25900	0
25900	25950	0
25950	26000	0
26000	26050	0
26050	26100	0
26100	26150	0
26150	26200	0
26200	26250	0
26250	26300	0
26300	26350	0
26350	26400	0
26400	26450	0
26450	26500	0
26500	26550	0
26550	26600	0
26600	26650	0
26650	26700	0
26700	26750	0
26750	26800	0
26800	26850	0
26850	26900	0
26900	26950	0
26950	27000	0
27000	27050	0
27050	27100	0
27100	27150	0
27150	27200	0
27200	27250	0
27250	27300	0
27300	27350	0
27350	27400	0
27400	27450	0
27450	27500	0
27500	27550	0
27550	27600	0
27600	27650	0
27650	27700	0
27700	27750	0
27750	27800	0
27800	27850	0
27850	27900	0
27900	27950	0
27950	28000	0
28000	28050	0
28050	28100	0
28100	28150	0
28150	28200	0
28200	28250	0
28250	28300	0
28300	28350	0
28350	28400	0
28400	28450	0
28450	28500	0
28500	28550	0
28550	28600	0
28600	28650	0
28650	28700	0
28700	28750	0
28750	28800	0
28800	28850	0
28850	28900	0
28900	28950	0
28950	29000	0
29000	29050	0
29050	29100	0
29100	29150	0
29150	29200	0
29200	29250	0
29250	29300	0
29300	29350	0
29350	29400	0
29400	29450	0
29450	29500	0
29500	29550	0
29550	29600	0
29600	29650	0
29650	29700	0
29700	29750	0
29750	29800	0
29800	29850	0
29850	29900	0
29900	29950	0
29950	30000	0
30000	30050	0
30050	30100	0
30100	30150	0
30150	30200	0
30200	30250	0
30250	30300	0
30300	30350	0
30350	30400	0
30400	30450	0
30450	30500	0
30500	30550	0
30550	30600	0
30600	30650	0
30650	30700	0
30700	30750	0
30750	30800	0
30800	30850	0
30850	30900	0
30900	30950	0
30950	31000	0
31000	31050	0
31050	31100	0
31100	31150	0
31150	31200	0
31200	31250	0
31250	31300	0
31300	31350	0
31350	31400	0
31400	31450	0
31450	31500	0
31500	31550	0
31550	31600	0
31600	31650	0
31650	31700	0
31700	31750	0
31750	31800	0
31800	31850	0
31850	31900	0
31900	31950	0
31950	32000	0
32000	32050	0
32050	32100	0
32100	32150	0
32150	32200	0
32200	32250	0
32250	32300	0
32300	32350	0
32350	32400	0
32400	32450	0
32450	32500	0
32500	32550	0
32550	32600	0
32600	32650	0
32650	32700	0
32700	32750	0
32750	32800	0
32800	32850	0
32850	32900	0
32900	32950	0
32950	33000	0
33000	33050	0
33050	33100	0
33100	33150	0
33150	33200	0
33200	33250	0
33250	33300	0
33300	33350	0
33350	33400	0
33400	33450	0
33450	33500	0
33500	33550	0
33550	33600	0
33600	33650	0
33650	33700	0
33700	33750	0
33750	33800	0
33800	33850	0
33850	33900	0
33900	33950	0
33950	34000	0
34000	34050	0
34050	34100	0
34100	34150	0
34150	34200	0
34200	34250	0
34250	34300	0
34300	34350	0
34350	34400	0
34400	34450	0
34450	34500	0
34500	34550	0
34550	34600	0
34600	34650	0
34650	34700	0
34700	34750	0
34750	34800	0
34800	34850	0
34850	34900	0
34900	34950	0
34950	35000	0
35000	35050	0
35050	35100	0
35100	35150	0
35150	35200	0
35200	35250	0
35250	35300	0
35300	35350	0
35350	35400	0
35400	35450	0
35450	35500	0
35500	35550	0
35550	35600	0
35600	35650	0
35650	35700	0
35700	35750	0
35750	35800	0
35800	35850	0
35850	35900	0
35900	35950	0
35950	36000	0
36000	36050	0
36050	36100	0
36100	36150	0
36150	36200	0
36200	36250	0
36250	36300	0
36300	36350	0
36350	36400	0
36400	36450	0
36450	36500	0
36500	36550	0
36550	36600	0
36600	36650	0
36650	36700	0
36700	36750	0
36750	36800	0
36800	36850	0
36850	36900	0
36900	36950	0
36950	37000	0
37000	37050	0
37050	37100	0
37100	37150	0
37150	37200	0
37200	37250	0
37250	37300	0
37300	37350	0
37350	37400	0
37400	37450	0
37450	37500	0
37500	37550	0
37550	37600	0
37600	37650	0
37650	37700	0
37700	37750	0
37750	37800	0
37800	37850	0
37850	37900	0
37900	37950	0
37950	38000	0
38000	38050	0
38050	38100	0
38100	38150	0
38150	38200	0
38200	38250	0
38250	38300	0
38300	38350	0
38350	38400	0
38400	38450	0
38450	38500	0
38500	38550	0
38550	38600	0
38600	38650	0
38650	38700	0
38700	38750	0
38750	38800	0
38800	38850	0
38850	38900	0
38900	38950	0
38950	39000	0
39000	39050	0
39050	39100	0
39100	39150	0
39150	39200	0
39200	39250	0
39250	39300	0
39300	39350	0
39350	39400	0
39400	39450	0
39450	39500	0
39500	39550	0
39550	39600	0
39600	39650	0
39650	39700	0
39700	39750	0
39750	39800	0
39800	39850	0
39850	39900	0
39900	39950	0
39950	40000	0
40000	40050	0
40050	40100	0
40100	40150	0
40150	40200	0
40200	40250	0
40250	40300	0
40300	40350	0
40350	40400	0
40400	40450	0
40450	40500	0
40500	40550	0
40550	40600	0
40600	40650	0
40650	40700	0
40700	40750	0
40750	40800	0
40800	40850	0
40850	40900	0
40900	40950	0
40950	41000	0
41000	41050	0
41050	41100	0
41100	41150	0
41150	41200	0
41200	41250	0
41250	41300	0
41300	41350	0
41350	41400	0
41400	41450	0
41450	41500	0
41500	41550	0
41550	41600	0
41600	41650	0
41650	41700	0
41700	41750	0
41750	41800	0
41800	41850	0
41850	41900	0
41900	41950	0
41950	42000	0
42000	42050	0
42050	42100	0
42100	42150	0
42150	42200	0
42200	42250	0
42250	42300	0
42300	42350	0
42350	42400	0
42400	42450	0
42450	42500	0
42500	42550	0
42550	42600	0
42600	42650	0
42650	42700	0
42700	42750	0
42750	42800	0
42800	42850	0
42850	42900	0
42900	42950	0
42950	43000	0
43000	43050	0
43050	43100	0
43100	43150	0
43150	43200	0
43200	43250	0
43250	43300	0
43300	43350	0
43350	43400	0
43400	43450	0
43450	43500	0
43500	43550	0
43550	43600	0
43600	43650	0
43650	43700	0
43700	43750	0
43750	43800	0
43800	43850	0
43850	43900	0
43900	43950	0
43950	44000	0
44000	44050	0
44050	44100	0
44100	44150	0
44150	44200	0
44200	44250	0
44250	44300	0
44300	44350	0
44350	44400	0
44400	44450	0
44450	44500	0
44500	44550	0
44550	44600	0
44600	44650	0
44650	44700	0
44700	44750	0
44750	44800	0
44800	44850	0
44850	44900	0
44900	44950	0
44950	45000	0
45000	45050	0
45050	45100	0
45100	45150	0
45150	45200	0
45200	45250	0
45250	45300	0
45300	45350	0
45350	45400	0
45400	45450	0
45450	45500	0
45500	45550	0
45550	45600	0
45600	45650	0
45650	45700	0
45700	45750	0
45750	45800	0
45800	45850	0
45850	45900	0
45900	45950	0
45950	46000	0
46000	46050	0
46050	46100	0
46100	46150	0
46150	46200	0
46200	46250	0
46250	46300	0
46300	46350	0
46350	46400	0
46400	46450	0
46450	46500	0
46500	46550	0
46550	46600	0
46600	46650	0
46650	46700	0
46700	46750	0
46750	46800	0
46800	46850	0
46850	46900	0
46900	46950	0
46950	47000	0
47000	47050	0
47050	47100	0
47100	47150	0
47150	47200	0
47200	47250	0
47250	47300	0
47300	47350	0
47350	47400	0
47400	47450	0
47450	47500	0
47500	47550	0
47550	47600	0
47600	47650	0
47650	47700	0
47700	47750	0
47750	47800	0
47800	47850	0
47850	47900	0
47900	47950	0
47950	48000	0
48000	48050	0
48050	48100	0
48100	48150	0
48150	48200	0
48200	48250	0
48250	48300	0
48300	48350	0
48350	48400	0
48400	48450	0
48450	48500	0
48500	48550	0
48550	48600	0
48600	48650	0
48650	48700	0
48700	48750	0
48750	48800	0
48800	48850	0
48850	48900	0
48900	48950	0
48950	49000	0
49000	49050	0
49050	49100	0
49100	49150	0
49150	49200	0
49200	49250	0
49250	49300	0
49300	49350	0
49350	49400	0
49400	49450	0
49450	49500	0
49500	49550	0
49550	49600	0
49600	49650	0
49650	49700	0
49700	49750	0
49750	49800	0
49800	49850	0
49850	49900	0
49900	49950	0
49950	50000	0
50000	50050	0
50050	50100	0
50100	50150	0
50150	50200	0
50200	50250	0
50250	50300	0
50300	50350	0
50350	50400	0
50400	50450	0
50450	50500	0
50500	50550	0
50550	50600	0
50600	50650	0
50650	50700	0
50700	50750	0
50750	50800	0
50800	50850	0
50850	50900	0
50900	50950	0
50950	51000	0
51000	51050	0
51050	51100	0
51100	51150	0
51150	51200	0
51200	51250	0
51250	51300	0
51300	51350	0
51350	51400	0
51400	51450	0
51450	51500	0
51500	51550	0
51550	51600	0
51600	51650	0
51650	51700	0
51700	51750	0
51750	51800	0
51800	51850	0
51850	51900	0
51900	51950	0
51950	52000	0
52000	52050	0
52050	52100	0
52100	52150	0
52150	52200	0
52200	52250	0
52250	52300	0
52300	52350	0
52350	52400	0
52400	52450	0
52450	52500	0
52500	52550	0
52550	52600	0
52600	52650	0
52650	52700	0
52700	52750	0
52750	52800	0
52800	52850	0
52850	52900	0
52900	52950	0
52950	53000	0
53000	53050	0
53050	53100	0
53100	53150	0
53150	53200	0
53200	53250	0
53250	53300	0
53300	53350	0
53350	53400	0
53400	53450	0
53450	53500	0
53500	53550	0
53550	53600	0
53600	53650	0
53650	53700	0
53700	53750	0
53750	53800	0
53800	53850	0
53850	53900	0
53900	53950	0
53950	54000	0
54000	54050	0
54050	54100	0
54100	54150	0
54150	54200	0
54200	54250	0
54250	54300	0
54300	54350	0
54350	54400	0
54400	54450	0
54450	54500	0
54500	54550	0
54550	54600	0
54600	54650	0
54650	54700	0
54700	54750	0
54750	54800	0
54800	54850	0
54850	54900	0
54900	54950	0
54950	55000	0
55000	55050	0
55050	55100	0
55100	55150	0
55150	55200	0
55200	55250	0
55250	55300	0
55300	55350	0
55350	55400	0
55400	55450	0
55450	55500	0
55500	55550	0
55550	55600	0
55600	55650	0
55650	55700	0
55700	55750	0
55750	55800	0
55800	55850	0
55850	55900	0
55900	55950	0
55950	56000	0
56000	56050	0
56050	56100	0
56100	56150	0
56150	56200	0
56200	56250	0
56250	56300	0
56300	56350	0
56350	56400	0
56400	56450	0
56450	56500	0
56500	56550	0
56550	56600	0
56600	56650	0
56650	56700	0
56700	56750	0
56750	56800	0
56800	56850	0
56850	56900	0
56900	56950	0
56950	57000	0
57000	57050	0
57050	57100	0
57100	57150	0
57150	57200	0
57200	57250	0
57250	57300	0
57300	57350	0
57350	57400	0
57400	57450	0
57450	57500	0
57500	57550	0
57550	57600	0
57600	57650	0
57650	57700	0
57700	57750	0
57750	57800	0
57800	57850	0
57850	57900	0
57900	57950	0
57950	58000	0
58000	58050	0
58050	58100	0
58100	58150	0
58150	58200	0
58200	58250	0
58250	58300	0
58300	58350	0
58350	58400	0
58400	58450	0
58450	58500	0
58500	58550	0
58550	58600	0
58600	58650	0
58650	58700	0
58700	58750	0
58750	58800	0
58800	58850	0
58850	58900	0
58900	58950	0
58950	59000	0
59000	59050	0
59050	59100	0
59100	59150	0
59150	59200	0
59200	59250	0
59250	59300	0
59300	59350	0
59350	59400	0
59400	59450	0
59450	59500	0
59500	59550	0
59550	59600	0
59600	59650	0
59650	59700	0
59700	59750	0
59750	59800	0
59800	59850	0
59850	59900	0
59900	59950	0
59950	60000	0
60000	60050	0
60050	60100	0
60100	60150	0
60150	60200	0
60200	60250	0
60250	60300	0
60300	60350	0
60350	60400	0
60400	60450	0
60450	60500	0
60500	60550	0
60550	60600	0
60600	60650	0
60650	60700	0
60700	60750	0
60750	60800	0
60800	60850	0
60850	60900	0
60900	60950	0
60950	61000	0
61000	61050	0
61050	61100	0
61100	61150	0
61150	61200	0
61200	61250	0
61250	61300	0
61300	61350	0
61350	61400	0
61400	61450	0
61450	61500	0
61500	61550	0
61550	61600	0
61600	61650	0
61650	61700	0
61700	61750	0
61750	61800	0
61800	61850	0
61850	61900	0
61900	61950	0
61950	62000	0
62000	62050	0
62050	62100	0
62100	62150	0
62150	62200	0
62200	62250	0
62250	62300	0
62300	62350	0
62350	62400	0
62400	62450	0
62450	62500	0
62500	62550	0
62550	62600	0
62600	62650	0
62650	62700	0
62700	62750	0
62750	62800	0
62800	62850	0
62850	62900	0
62900	62950	0
62950	63000	0
63000	63050	0
63050	63100	0
63100	63150	0
63150	63200	0
63200	63250	0
63250	63300	0
63300	63350	0
63350	63400	0
63400	63450	0
63450	63500	0
63500	63550	0
63550	63600	0
63600	63650	0
63650	63700	0
63700	63750	0
63750	63800	0
63800	63850	0
63850	63900	0
63900	63950	0
63950	64000	0
64000	64050	0
64050	64100	0
64100	64150	0
64150	64200	0
64200	64250	0
64250	64300	0
64300	64350	0
64350	64400	0
64400	64450	0
64450	64500	0
64500	64550	0
64550	64600	0
64600	64650	0
64650	64700	0
64700	64750	0
64750	64800	0
64800	64850	0
64850	64900	0
64900	64950	0
64950	65000	0
65000	65050	0
65050	65100	0
65100	65150	0
65150	65200	0
65200	65250	0
65250	65300	0
65300	65350	0
65350	65400	0
65400	65450	0
65450	65500	0
65500	65550	0
65550	65600	0
65600	65650	0
65650	65700	0
65700	65750	0
65750	65800	0
65800	65850	0
65850	65900	0
65900	65950	0
65950	66000	0
66000	66050	0
66050	66100	0
66100	66150	0
66150	66200	0
66200	66250	0
66250	66300	0
66300	66350	0
66350	66400	0
66400	66450	0
66450	66500	0
66500	66550	0
66550	66600	0
66600	66650	0
66650	66700	0
66700	66750	0
66750	66800	0
66800	66850	0
66850	66900	0
66900	66950	0
66950	67000	0
67000	67050	0
67050	67100	0
67100	67150	0
67150	67200	0
67200	67250	0
67250	67300	0
67300	67350	0
67350	67400	0
67400	67450	0
67450	67500	0
67500	67550	0
67550	67600	0
67600	67650	0
67650	67700	0
67700	67750	0
67750	67800	0
67800	67850	0
67850	67900	0
67900	67950	0
67950	68000	0
68000	68050	0
68050	68100	0
68100	68150	0
68150	68200	0
68200	68250	0
68250	68300	0
68300	68350	0
68350	68400	0
68400	68450	0
68450	68500	0
68500	68550	0
68550	68600	0
68600	68650	0
68650	68700	0
68700	68750	0
68750	68800	0
68800	68850	0
68850	68900	0
68900	68950	0
68950	69000	0
69000	69050	0
69050	69100	0
69100	69150	0
69150	69200	0
69200	69250	0
69250	69300	0
69300	69350	0
69350	69400	0
69400	69450	0
69450	69500	0
69500	69550	0
69550	69600	0
69600	69650	0
69650	69700	0
69700	69750	0
69750	69800	0
69800	69850	0
69850	69900	0
69900	69950	0
69950	70000	0
70000	70050	0
70050	70100	0
70100	70150	0
70150	70200	0
70200	70250	0
70250	70300	0
70300	70350	0
70350	70400	0
70400	70450	0
70450	70500	0
70500	70550	0
70550	70600	0
70600	70650	0
70650	70700	0
70700	70750	0
70750	70800	0
70800	70850	0
70850	70900	0
70900	70950	0
70950	71000	0
71000	71050	0
71050	71100	0
71100	71150	0
71150	71200	0
71200	71250	0
71250	71300	0
71300	71350	0
71350	71400	0
71400	71450	0
71450	71500	0
71500	71550	0
71550	71600	0
71600	71650	0
71650	71700	0
71700	71750	0
71750	71800	0
71800	71850	0
71850	71900	0
71900	71950	0
71950	72000	0
72000	72050	0
72050	72100	0
72100	72150	0
72150	72200	0
72200	72250	0
72250	72300	0
72300	72350	0
72350	72400	0
72400	72450	0
72450	72500	0
72500	72550	0
72550	72600	0
72600	72650	0
72650	72700	1
72700	72750	0
72750	72800	0
72800	72850	0
72850	72900	0
72900	72950	0
72950	73000	0
73000	73050	0
73050	73100	0
73100	73150	0
73150	73200	0
73200	73250	0
73250	73300	0
73300	73350	0
73350	73400	0
73400	73450	0
73450	73500	0
73500	73550	0
73550	73600	0
73600	73650	0
73650	73700	0
73700	73750	0
73750	73800	0
73800	73850	0
73850	73900	0
73900	73950	0
73950	74000	0
74000	74050	0
74050	74100	0
74100	74150	0
74150	74200	0
74200	74250	0
74250	74300	0
74300	74350	0
74350	74400	0
74400	74450	0
74450	74500	0
74500	74550	0
74550	74600	0
74600	74650	0
74650	74700	0
74700	74750	0
74750	74800	0
74800	74850	0
74850	74900	0
74900	74950	0
74950	75000	0
75000	75050	0
75050	75100	0
75100	75150	0
75150	75200	0
75200	75250	0
75250	75300	0
75300	75350	0
75350	75400	0
75400	75450	0
75450	75500	0
75500	75550	0
75550	75600	0
75600	75650	0
75650	75700	0
75700	75750	0
75750	75800	0
75800	75850	0
75850	75900	0
75900	75950	0
75950	76000	0
76000	76050	0
76050	76100	0
76100	76150	0
76150	76200	0
76200	76250	0
76250	76300	0
76300	76350	0
76350	76400	0
76400	76450	0
76450	76500	0
76500	76550	0
76550	76600	0
76600	76650	0
76650	76700	0
76700	76750	0
76750	76800	0
76800	76850	0
76850	76900	0
76900	76950	0
76950	77000	0
77000	77050	0
77050	77100	0
77100	77150	0
77150	77200	0
77200	77250	0
77250	77300	0
77300	77350	1
77350	77400	0
77400	77450	0
77450	77500	0
77500	77550	0
77550	77600	0
77600	77650	0
77650	77700	0
77700	77750	0
77750	77800	0
77800	77850	0
77850	77900	0
77900	77950	0
77950	78000	1
78000	78050	0
78050	78100	0
78100	78150	0
78150	78200	0
78200	78250	0
78250	78300	0
78300	78350	0
78350	78400	0
78400	78450	0
78450	78500	0
78500	78550	0
78550	78600	0
78600	78650	0
78650	78700	0
78700	78750	0
78750	78800	0
78800	78850	0
78850	78900	0
78900	78950	0
78950	79000	0
79000	79050	0
79050	79100	0
79100	79150	0
79150	79200	0
79200	79250	0
79250	79300	0
79300	79350	0
79350	79400	0
79400	79450	0
79450	79500	0
79500	79550	0
79550	79600	0
79600	79650	0
79650	79700	0
79700	79750	0
79750	79800	0
79800	79850	0
79850	79900	0
79900	79950	0
79950	80000	0
80000	80050	0
80050	80100	0
80100	80150	0
80150	80200	0
80200	80250	0
80250	80300	0
80300	80350	0
80350	80400	0
80400	80450	0
80450	80500	0
80500	80550	0
80550	80600	0
80600	80650	0
80650	80700	0
80700	80750	1
80750	80800	0
80800	80850	0
80850	80900	0
80900	80950	0
80950	81000	0
81000	81050	0
81050	81100	0
81100	81150	0
81150	81200	0
81200	81250	0
81250	81300	0
81300	81350	0
81350	81400	0
81400	81450	0
81450	81500	0
81500	81550	0
81550	81600	0
81600	81650	0
81650	81700	0
81700	81750	0
81750	81800	0
81800	81850	0
81850	81900	0
81900	81950	0
81950	82000	0
82000	82050	0
82050	82100	0
82100	82150	0
82150	82200	0
82200	82250	0
82250	82300	0
82300	82350	0
82350	82400	0
82400	82450	0
82450	82500	0
82500	82550	0
82550	82600	1
82600	82650	0
82650	82700	1
82700	82750	0
82750	82800	0
82800	82850	0
82850	82900	1
82900	82950	0
82950	83000	0
83000	83050	0
83050	83100	0
83100	83150	0
83150	83200	0
83200	83250	0
83250	83300	0
83300	83350	0
83350	83400	0
83400	83450	0
83450	83500	0
83500	83550	0
83550	83600	0
83600	83650	0
83650	83700	0
83700	83750	0
83750	83800	0
83800	83850	0
83850	83900	0
83900	83950	0
83950	84000	0
84000	84050	0
84050	84100	0
84100	84150	0
84150	84200	0
84200	84250	0
84250	84300	0
84300	84350	0
84350	84400	0
84400	84450	0
84450	84500	0
84500	84550	0
84550	84600	0
84600	84650	0
84650	84700	0
84700	84750	0
84750	84800	0
84800	84850	0
84850	84900	0
84900	84950	0
84950	85000	0
85000	85050	0
85050	85100	0
85100	85150	0
85150	85200	0
85200	85250	0
85250	85300	0
85300	85350	0
85350	85400	0
85400	85450	0
85450	85500	0
85500	85550	0
85550	85600	0
85600	85650	0
85650	85700	0
85700	85750	0
85750	85800	0
85800	85850	0
85850	85900	0
85900	85950	0
85950	86000	0
86000	86050	0
86050	86100	0
86100	86150	0
86150	86200	0
86200	86250	0
86250	86300	0
86300	86350	1
86350	86400	0
86400	86450	0
86450	86500	0
86500	86550	0
86550	86600	0
86600	86650	0
86650	86700	0
86700	86750	0
86750	86800	0
86800	86850	0
86850	86900	0
86900	86950	0
86950	87000	0
87000	87050	0
87050	87100	0
87100	87150	0
87150	87200	0
87200	87250	0
87250	87300	0
87300	87350	0
87350	87400	0
87400	87450	0
87450	87500	0
87500	87550	0
87550	87600	0
87600	87650	1
87650	87700	0
87700	87750	0
87750	87800	0
87800	87850	0
87850	87900	0
87900	87950	0
87950	88000	0
88000	88050	0
88050	88100	0
88100	88150	0
88150	88200	0
88200	88250	0
88250	88300	0
88300	88350	0
88350	88400	0
88400	88450	0
88450	88500	0
88500	88550	0
88550	88600	0
88600	88650	0
88650	88700	0
88700	88750	0
88750	88800	0
88800	88850	0
88850	88900	0
88900	88950	0
88950	89000	0
89000	89050	0
89050	89100	0
89100	89150	0
89150	89200	0
89200	89250	0
89250	89300	0
89300	89350	0
89350	89400	0
89400	89450	0
89450	89500	0
89500	89550	0
89550	89600	1
89600	89650	0
89650	89700	0
89700	89750	0
89750	89800	0
89800	89850	0
89850	89900	0
89900	89950	0
89950	90000	0
90000	90050	0
90050	90100	0
90100	90150	0
90150	90200	0
90200	90250	0
90250	90300	0
90300	90350	0
90350	90400	0
90400	90450	0
90450	90500	0
90500	90550	0
90550	90600	0
90600	90650	0
90650	90700	0
90700	90750	0
90750	90800	0
90800	90850	0
90850	90900	0
90900	90950	0
90950	91000	0
91000	91050	0
91050	91100	0
91100	91150	0
91150	91200	0
91200	91250	0
91250	91300	0
91300	91350	0
91350	91400	0
91400	91450	0
91450	91500	0
91500	91550	0
91550	91600	0
91600	91650	0
91650	91700	0
91700	91750	0
91750	91800	0
91800	91850	0
91850	91900	0
91900	91950	0
91950	92000	0
92000	92050	0
92050	92100	0
92100	92150	0
92150	92200	0
92200	92250	0
92250	92300	0
92300	92350	0
92350	92400	0
92400	92450	0
92450	92500	0
92500	92550	0
92550	92600	0
92600	92650	0
92650	92700	0
92700	92750	0
92750	92800	0
92800	92850	0
92850	92900	0
92900	92950	0
92950	93000	0
93000	93050	0
93050	93100	0
93100	93150	0
93150	93200	0
93200	93250	0
93250	93300	0
93300	93350	0
93350	93400	0
93400	93450	0
93450	93500	0
93500	93550	0
93550	93600	0
93600	93650	0
93650	93700	0
93700	93750	0
93750	93800	0
93800	93850	0
93850	93900	0
93900	93950	0
93950	94000	0
94000	94050	0
94050	94100	0
94100	94150	0
94150	94200	0
94200	94250	0
94250	94300	0
94300	94350	0
94350	94400	0
94400	94450	0
94450	94500	0
94500	94550	0
94550	94600	0
94600	94650	0
94650	94700	0
94700	94750	1
94750	94800	0
94800	94850	0
94850	94900	0
94900	94950	0
94950	95000	0
95000	95050	0
95050	95100	0
95100	95150	0
95150	95200	0
95200	95250	0
95250	95300	0
95300	95350	0
95350	95400	0
95400	95450	0
95450	95500	1
95500	95550	1
95550	95600	0
95600	95650	0
95650	95700	0
95700	95750	0
95750	95800	0
95800	95850	0
95850	95900	0
95900	95950	0
95950	96000	0
96000	96050	0
96050	96100	0
96100	96150	1
96150	96200	0
96200	96250	0
96250	96300	0
96300	96350	0
96350	96400	0
96400	96450	0
96450	96500	0
96500	96550	0
96550	96600	0
96600	96650	0
96650	96700	0
96700	96750	0
96750	96800	0
96800	96850	0
96850	96900	0
96900	96950	0
96950	97000	0
97000	97050	0
97050	97100	0
97100	97150	0
97150	97200	0
97200	97250	0
97250	97300	0
97300	97350	0
97350	97400	0
97400	97450	0
97450	97500	0
97500	97550	0
97550	97600	0
97600	97650	0
97650	97700	0
97700	97750	0
97750	97800	0
97800	97850	0
97850	97900	0
97900	97950	0
97950	98000	0
98000	98050	0
98050	98100	0
98100	98150	0
98150	98200	0
98200	98250	0
98250	98300	0
98300	98350	0
98350	98400	0
98400	98450	0
98450	98500	0
98500	98550	0
98550	98600	0
98600	98650	0
98650	98700	0
98700	98750	0
98750	98800	0
98800	98850	0
98850	98900	0
98900	98950	0
98950	99000	0
99000	99050	0
99050	99100	0
99100	99150	0
99150	99200	0
99200	99250	0
99250	99300	0
99300	99350	0
99350	99400	0
99400	99450	0
99450	99500	0
99500	99550	0
99550	99600	0
99600	99650	0
99650	99700	0
99700	99750	0
99750	99800	0
99800	99850	0
99850	99900	0
99900	99950	0
99950	100000	0
100000	100050	0
100050	100100	0
100100	100150	0
100150	100200	1
100200	100250	0
100250	100300	0
100300	100350	1
100350	100400	0
100400	100450	0
100450	100500	0
100500	100550	0
100550	100600	0
100600	100650	0
100650	100700	0
100700	100750	0
100750	100800	0
100800	100850	0
100850	100900	1
100900	100950	0
100950	101000	0
101000	101050	0
101050	101100	0
101100	101150	0
101150	101200	0
101200	101250	0
101250	101300	0
101300	101350	0
101350	101400	0
101400	101450	0
101450	101500	0
101500	101550	0
101550	101600	0
101600	101650	0
101650	101700	0
101700	101750	0
101750	101800	0
101800	101850	0
101850	101900	0
101900	101950	0
101950	102000	0
102000	102050	0
102050	102100	0
102100	102150	0
102150	102200	0
102200	102250	0
102250	102300	0
102300	102350	0
102350	102400	0
102400	102450	0
102450	102500	0
102500	102550	0
102550	102600	0
102600	102650	0
102650	102700	0
102700	102750	0
102750	102800	0
102800	102850	0
102850	102900	0
102900	102950	0
102950	103000	0
103000	103050	0
103050	103100	0
103100	103150	0
103150	103200	0
103200	103250	0
103250	103300	0
103300	103350	0
103350	103400	0
103400	103450	0
103450	103500	0
103500	103550	0
103550	103600	0
103600	103650	0
103650	103700	0
103700	103750	0
103750	103800	0
103800	103850	0
103850	103900	0
103900	103950	0
103950	104000	0
104000	104050	0
104050	104100	0
104100	104150	0
104150	104200	0
104200	104250	0
104250	104300	0
104300	104350	0
104350	104400	0
104400	104450	0
104450	104500	0
104500	104550	0
104550	104600	0
104600	104650	0
104650	104700	0
104700	104750	0
104750	104800	0
104800	104850	1
104850	104900	0
104900	104950	0
104950	105000	1
105000	105050	0
105050	105100	0
105100	105150	0
105150	105200	0
105200	105250	0
105250	105300	0
105300	105350	0
105350	105400	0
105400	105450	0
105450	105500	0
105500	105550	0
105550	105600	0
105600	105650	0
105650	105700	0
105700	105750	0
105750	105800	0
105800	105850	0
105850	105900	0
105900	105950	0
105950	106000	0
106000	106050	0
106050	106100	0
106100	106150	0
106150	106200	0
106200	106250	0
106250	106300	0
106300	106350	0
106350	106400	0
106400	106450	0
106450	106500	0
106500	106550	0
106550	106600	0
106600	106650	0
106650	106700	0
106700	106750	0
106750	106800	0
106800	106850	0
106850	106900	0
106900	106950	0
106950	107000	0
107000	107050	0
107050	107100	0
107100	107150	0
107150	107200	0
107200	107250	0
107250	107300	0
107300	107350	0
107350	107400	0
107400	107450	0
107450	107500	0
107500	107550	0
107550	107600	0
107600	107650	0
107650	107700	0
107700	107750	0
107750	107800	0
107800	107850	0
107850	107900	0
107900	107950	0
107950	108000	0
108000	108050	0
108050	108100	0
108100	108150	1
108150	108200	0
108200	108250	0
108250	108300	0
108300	108350	0
108350	108400	0
108400	108450	0
108450	108500	0
108500	108550	1
108550	108600	0
108600	108650	0
108650	108700	0
108700	108750	0
108750	108800	0
108800	108850	0
108850	108900	0
108900	108950	0
108950	109000	0
109000	109050	0
109050	109100	0
109100	109150	1
109150	109200	0
109200	109250	0
109250	109300	0
109300	109350	0
109350	109400	0
109400	109450	0
109450	109500	0
109500	109550	0
109550	109600	0
109600	109650	0
109650	109700	0
109700	109750	0
109750	109800	0
109800	109850	0
109850	109900	0
109900	109950	0
109950	110000	0
110000	110050	1
110050	110100	0
110100	110150	0
110150	110200	0
110200	110250	0
110250	110300	0
110300	110350	0
110350	110400	0
110400	110450	0
110450	110500	0
110500	110550	0
110550	110600	0
110600	110650	1
110650	110700	0
110700	110750	0
110750	110800	0
110800	110850	1
110850	110900	0
110900	110950	0
110950	111000	0
111000	111050	0
111050	111100	0
111100	111150	0
111150	111200	0
111200	111250	0
111250	111300	0
111300	111350	0
111350	111400	0
111400	111450	0
111450	111500	0
111500	111550	0
111550	111600	0
111600	111650	0
111650	111700	0
111700	111750	0
111750	111800	0
111800	111850	0
111850	111900	0
111900	111950	0
111950	112000	0
112000	112050	0
112050	112100	1
112100	112150	0
112150	112200	0
112200	112250	0
112250	112300	0
112300	112350	0
112350	112400	0
112400	112450	0
112450	112500	0
112500	112550	0
112550	112600	0
112600	112650	0
112650	112700	0
112700	112750	0
112750	112800	0
112800	112850	0
112850	112900	0
112900	112950	0
112950	113000	0
113000	113050	0
113050	113100	0
113100	113150	0
113150	113200	0
113200	113250	0
113250	113300	0
113300	113350	0
113350	113400	0
113400	113450	0
113450	113500	0
113500	113550	0
113550	113600	0
113600	113650	0
113650	113700	0
113700	113750	0
113750	113800	0
113800	113850	0
113850	113900	0
113900	113950	0
113950	114000	0
114000	114050	0
114050	114100	0
114100	114150	0
114150	114200	0
114200	114250	0
114250	114300	0
114300	114350	0
114350	114400	0
114400	114450	0
114450	114500	0
114500	114550	0
114550	114600	0
114600	114650	1
114650	114700	0
114700	114750	0
114750	114800	1
114800	114850	0
114850	114900	0
114900	114950	0
114950	115000	0
115000	115050	0
115050	115100	0
115100	115150	0
115150	115200	0
115200	115250	0
115250	115300	0
115300	115350	0
115350	115400	0
115400	115450	0
115450	115500	0
115500	115550	0
115550	115600	0
115600	115650	0
115650	115700	0
115700	115750	0
115750	115800	0
115800	115850	0
115850	115900	0
115900	115950	0
115950	116000	0
116000	116050	0
116050	116100	0
116100	116150	0
116150	116200	0
116200	116250	0
116250	116300	1
116300	116350	0
116350	116400	0
116400	116450	0
116450	116500	0
116500	116550	0
116550	116600	0
116600	116650	0
116650	116700	0
116700	116750	0
116750	116800	0
116800	116850	0
116850	116900	0
116900	116950	1
116950	117000	0
117000	117050	0
117050	117100	0
117100	117150	0
117150	117200	0
117200	117250	0
117250	117300	0
117300	117350	0
117350	117400	0
117400	117450	0
117450	117500	0
117500	117550	0
117550	117600	0
117600	117650	0
117650	117700	1
117700	117750	0
117750	117800	0
117800	117850	0
117850	117900	0
117900	117950	0
117950	118000	0
118000	118050	0
118050	118100	0
118100	118150	0
118150	118200	0
118200	118250	0
118250	118300	0
118300	118350	0
118350	118400	0
118400	118450	0
118450	118500	0
118500	118550	0
118550	118600	0
118600	118650	0
118650	118700	0
118700	118750	1
118750	118800	0
118800	118850	0
118850	118900	0
118900	118950	0
118950	119000	0
119000	119050	0
119050	119100	0
119100	119150	0
119150	119200	0
119200	119250	0
119250	119300	0
119300	119350	0
119350	119400	0
119400	119450	1
119450	119500	0
119500	119550	0
119550	119600	0
119600	119650	0
119650	119700	0
119700	119750	0
119750	119800	0
119800	119850	0
119850	119900	1
119900	119950	0
119950	120000	0
120000	120050	0
120050	120100	0
120100	120150	0
120150	120200	0
120200	120250	0
120250	120300	0
120300	120350	0
120350	120400	0
120400	120450	0
120450	120500	0
120500	120550	1
120550	120600	0
120600	120650	0
120650	120700	1
120700	120750	0
120750	120800	1
120800	120850	0
120850	120900	0
120900	120950	0
120950	121000	0
121000	121050	0
121050	121100	0
121100	121150	0
121150	121200	0
121200	121250	0
121250	121300	0
121300	121350	0
121350	121400	0
121400	121450	0
121450	121500	0
121500	121550	0
121550	121600	0
121600	121650	0
121650	121700	0
121700	121750	0
121750	121800	0
121800	121850	0
121850	121900	0
121900	121950	0
121950	122000	0
122000	122050	0
122050	122100	0
122100	122150	0
122150	122200	0
122200	122250	0
122250	122300	0
122300	122350	0
122350	122400	0
122400	122450	0
122450	122500	0
122500	122550	0
122550	122600	0
122600	122650	0
122650	122700	0
122700	122750	0
122750	122800	0
122800	122850	0
122850	122900	0
122900	122950	0
122950	123000	0
123000	123050	0
123050	123100	0
123100	123150	0
123150	123200	0
123200	123250	0
123250	123300	0
123300	123350	0
123350	123400	0
123400	123450	1
123450	123500	0
123500	123550	1
123550	123600	0
123600	123650	0
123650	123700	0
123700	123750	0
123750	123800	0
123800	123850	0
123850	123900	0
123900	123950	0
123950	124000	0
124000	124050	1
124050	124100	0
124100	124150	0
124150	124200	0
124200	124250	0
124250	124300	0
124300	124350	0
124350	124400	0
124400	124450	0
124450	124500	0
124500	124550	0
124550	124600	0
124600	124650	0
124650	124700	0
124700	124750	0
124750	124800	0
124800	124850	0
124850	124900	0
124900	124950	0
124950	125000	0
125000	125050	0
125050	125100	0
125100	125150	0
125150	125200	0
125200	125250	0
125250	125300	1
125300	125350	0
125350	125400	0
125400	125450	0
125450	125500	0
125500	125550	0
125550	125600	0
125600	125650	0
125650	125700	0
125700	125750	0
125750	125800	0
125800	125850	0
125850	125900	0
125900	125950	0
125950	126000	1
126000	126050	0
126050	126100	0
126100	126150	0
126150	126200	0
126200	126250	0
126250	126300	0
126300	126350	0
126350	126400	0
126400	126450	0
126450	126500	0
126500	126550	0
126550	126600	0
126600	126650	0
126650	126700	0
126700	126750	0
126750	126800	0
126800	126850	0
126850	126900	0
126900	126950	0
126950	127000	0
127000	127050	1
127050	127100	0
127100	127150	0
127150	127200	0
127200	127250	0
127250	127300	0
127300	127350	0
127350	127400	0
127400	127450	0
127450	127500	0
127500	127550	0
127550	127600	1
127600	127650	0
127650	127700	0
127700	127750	0
127750	127800	0
127800	127850	0
127850	127900	0
127900	127950	0
127950	128000	0
128000	128050	0
128050	128100	0
128100	128150	0
128150	128200	0
128200	128250	0
128250	128300	0
128300	128350	0
128350	128400	0
128400	128450	0
128450	128500	1
128500	128550	0
128550	128600	0
128600	128650	1
128650	128700	0
128700	128750	0
128750	128800	0
128800	128850	0
128850	128900	0
128900	128950	0
128950	129000	0
129000	129050	0
129050	129100	0
129100	129150	1
129150	129200	0
129200	129250	0
129250	129300	0
129300	129350	0
129350	129400	0
129400	129450	0
129450	129500	0
129500	129550	0
129550	129600	0
129600	129650	0
129650	129700	0
129700	129750	1
129750	129800	0
129800	129850	0
129850	129900	0
129900	129950	0
129950	130000	0
130000	130050	0
130050	130100	0
130100	130150	0
130150	130200	1
130200	130250	1
130250	130300	0
130300	130350	0
130350	130400	0
130400	130450	0
130450	130500	0
130500	130550	0
130550	130600	0
130600	130650	0
130650	130700	0
130700	130750	0
130750	130800	0
130800	130850	1
130850	130900	0
130900	130950	0
130950	131000	0
131000	131050	0
131050	131100	0
131100	131150	0
131150	131200	0
131200	131250	0
131250	131300	0
131300	131350	0
131350	131400	0
131400	131450	0
131450	131500	0
131500	131550	0
131550	131600	0
131600	131650	1
131650	131700	0
131700	131750	0
131750	131800	0
131800	131850	0
131850	131900	0
131900	131950	0
131950	132000	0
132000	132050	0
132050	132100	0
132100	132150	0
132150	132200	0
132200	132250	0
132250	132300	0
132300	132350	0
132350	132400	0
132400	132450	0
132450	132500	0
132500	132550	0
132550	132600	0
132600	132650	1
132650	132700	0
132700	132750	0
132750	132800	0
132800	132850	0
132850	132900	0
132900	132950	0
132950	133000	0
133000	133050	0
133050	133100	0
133100	133150	0
133150	133200	0
133200	133250	0
133250	133300	0
133300	133350	0
133350	133400	1
133400	133450	0
133450	133500	0
133500	133550	0
133550	133600	0
133600	133650	0
133650	133700	0
133700	133750	0
133750	133800	0
133800	133850	0
133850	133900	0
133900	133950	0
133950	134000	0
134000	134050	0
134050	134100	0
134100	134150	0
134150	134200	0
134200	134250	0
134250	134300	0
134300	134350	0
134350	134400	0
134400	134450	0
134450	134500	0
134500	134550	0
134550	134600	0
134600	134650	0
134650	134700	0
134700	134750	0
134750	134800	0
134800	134850	0
134850	134900	0
134900	134950	0
134950	135000	1
135000	135050	0
135050	135100	0
135100	135150	0
135150	135200	0
135200	135250	0
135250	135300	1
135300	135350	0
135350	135400	0
135400	135450	0
135450	135500	0
135500	135550	0
135550	135600	0
135600	135650	0
135650	135700	1
135700	135750	0
135750	135800	1
135800	135850	0
135850	135900	0
135900	135950	0
135950	136000	0
136000	136050	0
136050	136100	0
136100	136150	0
136150	136200	0
136200	136250	0
136250	136300	0
136300	136350	0
136350	136400	0
136400	136450	0
136450	136500	0
136500	136550	0
136550	136600	0
136600	136650	0
136650	136700	0
136700	136750	1
136750	136800	0
136800	136850	0
136850	136900	0
136900	136950	0
136950	137000	0
137000	137050	0
137050	137100	0
137100	137150	0
137150	137200	0
137200	137250	0
137250	137300	0
137300	137350	0
137350	137400	0
137400	137450	0
137450	137500	0
137500	137550	1
137550	137600	0
137600	137650	0
137650	137700	0
137700	137750	0
137750	137800	0
137800	137850	0
137850	137900	0
137900	137950	0
137950	138000	0
138000	138050	0
138050	138100	0
138100	138150	0
138150	138200	0
138200	138250	0
138250	138300	0
138300	138350	0
138350	138400	0
138400	138450	0
138450	138500	0
138500	138550	0
138550	138600	0
138600	138650	0
138650	138700	0
138700	138750	0
138750	138800	0
138800	138850	0
138850	138900	0
138900	138950	0
138950	139000	0
139000	139050	0
139050	139100	0
139100	139150	0
139150	139200	0
139200	139250	0
139250	139300	0
139300	139350	0
139350	139400	1
139400	139450	0
139450	139500	0
139500	139550	0
139550	139600	0
139600	139650	0
139650	139700	0
139700	139750	0
139750	139800	0
139800	139850	1
139850	139900	0
139900	139950	0
139950	140000	0
140000	140050	0
140050	140100	0
140100	140150	0
140150	140200	0
140200	140250	0
140250	140300	0
140300	140350	0
140350	140400	0
140400	140450	0
140450	140500	0
140500	140550	0
140550	140600	0
140600	140650	0
140650	140700	0
140700	140750	0
140750	140800	0
140800	140850	0
140850	140900	0
140900	140950	0
140950	141000	0
141000	141050	0
141050	141100	0
141100	141150	0
141150	141200	0
141200	141250	0
141250	141300	0
141300	141350	0
141350	141400	0
141400	141450	0
141450	141500	0
141500	141550	0
141550	141600	0
141600	141650	0
141650	141700	1
141700	141750	0
141750	141800	0
141800	141850	1
141850	141900	0
141900	141950	0
141950	142000	0
142000	142050	0
142050	142100	0
142100	142150	0
142150	142200	0
142200	142250	0
142250	142300	0
142300	142350	0
142350	142400	0
142400	142450	0
142450	142500	0
142500	142550	0
142550	142600	0
142600	142650	0
142650	142700	0
142700	142750	0
142750	142800	0
142800	142850	0
142850	142900	0
142900	142950	0
142950	143000	0
143000	143050	0
143050	143100	0
143100	143150	0
143150	143200	0
143200	143250	0
143250	143300	0
143300	143350	0
143350	143400	1
143400	143450	0
143450	143500	0
143500	143550	0
143550	143600	0
143600	143650	0
143650	143700	1
143700	143750	0
143750	143800	0
143800	143850	0
143850	143900	0
143900	143950	0
143950	144000	0
144000	144050	0
144050	144100	0
144100	144150	0
144150	144200	0
144200	144250	0
144250	144300	0
144300	144350	0
144350	144400	0
144400	144450	2
144450	144500	0
144500	144550	0
144550	144600	0
144600	144650	0
144650	144700	0
144700	144750	0
144750	144800	0
144800	144850	0
144850	144900	0
144900	144950	0
144950	145000	0
145000	145050	0
145050	145100	0
145100	145150	0
145150	145200	0
145200	145250	0
145250	145300	0
145300	145350	0
145350	145400	0
145400	145450	0
145450	145500	0
145500	145550	0
145550	145600	1
145600	145650	0
145650	145700	0
145700	145750	0
145750	145800	0
145800	145850	0
145850	145900	0
145900	145950	0
145950	146000	0
146000	146050	0
146050	146100	0
146100	146150	1
146150	146200	0
146200	146250	0
146250	146300	0
146300	146350	1
146350	146400	0
146400	146450	0
146450	146500	0
146500	146550	1
146550	146600	0
146600	146650	0
146650	146700	0
146700	146750	0
146750	146800	0
146800	146850	0
146850	146900	0
146900	146950	0
146950	147000	0
147000	147050	0
147050	147100	0
147100	147150	0
147150	147200	0
147200	147250	0
147250	147300	0
147300	147350	0
147350	147400	0
147400	147450	0
147450	147500	0
147500	147550	0
147550	147600	0
147600	147650	0
147650	147700	0
147700	147750	1
147750	147800	0
147800	147850	0
147850	147900	0
147900	147950	0
147950	148000	0
148000	148050	0
148050	148100	0
148100	148150	0
148150	148200	0
148200	148250	0
148250	148300	0
148300	148350	0
148350	148400	0
148400	148450	0
148450	148500	0
148500	148550	0
148550	148600	0
148600	148650	0
148650	148700	0
148700	148750	0
148750	148800	0
148800	148850	0
148850	148900	0
148900	148950	0
148950	149000	0
149000	149050	0
149050	149100	0
149100	149150	0
149150	149200	0
149200	149250	0
149250	149300	0
149300	149350	0
149350	149400	0
149400	149450	0
149450	149500	0
149500	149550	0
149550	149600	0
149600	149650	0
149650	149700	0
149700	149750	0
149750	149800	0
149800	149850	0
149850	149900	0
149900	149950	0
149950	150000	0
150000	150050	0
150050	150100	0
150100	150150	0
150150	150200	0
150200	150250	0
150250	150300	0
150300	150350	0
150350	150400	0
150400	150450	0
150450	150500	0
150500	150550	0
150550	150600	0
150600	150650	0
150650	150700	0
150700	150750	0
150750	150800	0
150800	150850	0
150850	150900	0
150900	150950	0
150950	151000	0
151000	151050	0
151050	151100	0
151100	151150	0
151150	151200	0
151200	151250	0
151250	151300	0
151300	151350	0
151350	151400	0
151400	151450	0
151450	151500	0
151500	151550	0
151550	151600	0
151600	151650	0
151650	151700	0
151700	151750	0
151750	151800	0
151800	151850	0
151850	151900	0
151900	151950	0
151950	152000	0
152000	152050	0
152050	152100	0
152100	152150	0
152150	152200	0
152200	152250	0
152250	152300	0
152300	152350	0
152350	152400	0
152400	152450	0
152450	152500	0
152500	152550	0
152550	152600	0
152600	152650	0
152650	152700	0
152700	152750	0
152750	152800	0
152800	152850	1
152850	152900	0
152900	152950	0
152950	153000	0
153000	153050	0
153050	153100	0
153100	153150	0
153150	153200	0
153200	153250	0
153250	153300	0
153300	153350	0
153350	153400	0
153400	153450	0
153450	153500	0
153500	153550	0
153550	153600	0
153600	153650	1
153650	153700	0
153700	153750	0
153750	153800	0
153800	153850	0
153850	153900	0
153900	153950	0
153950	154000	0
154000	154050	0
154050	154100	0
154100	154150	0
154150	154200	0
154200	154250	0
154250	154300	0
154300	154350	0
154350	154400	0
154400	154450	0
154450	154500	0
154500	154550	0
154550	154600	1
154600	154650	0
154650	154700	0
154700	154750	0
154750	154800	0
154800	154850	0
154850	154900	1
154900	154950	0
154950	155000	1
155000	155050	0
155050	155100	0
155100	155150	0
155150	155200	0
155200	155250	0
155250	155300	0
155300	155350	0
155350	155400	0
155400	155450	0
155450	155500	1
155500	155550	0
155550	155600	0
155600	155650	0
155650	155700	0
155700	155750	0
155750	155800	0
155800	155850	0
155850	155900	0
155900	155950	0
155950	156000	0
156000	156050	0
156050	156100	0
156100	156150	0
156150	156200	0
156200	156250	0
156250	156300	0
156300	156350	0
156350	156400	0
156400	156450	0
156450	156500	1
156500	156550	0
156550	156600	0
156600	156650	0
156650	156700	0
156700	156750	0
156750	156800	1
156800	156850	0
156850	156900	0
156900	156950	0
156950	157000	0
157000	157050	0
157050	157100	0
157100	157150	0
157150	157200	0
157200	157250	0
157250	157300	0
157300	157350	0
157350	157400	0
157400	157450	0
157450	157500	0
157500	157550	0
157550	157600	0
157600	157650	0
157650	157700	0
157700	157750	0
157750	157800	0
157800	157850	1
157850	157900	0
157900	157950	0
157950	158000	0
158000	158050	0
158050	158100	0
158100	158150	0
158150	158200	0
158200	158250	0
158250	158300	0
158300	158350	0
158350	158400	0
158400	158450	0
158450	158500	0
158500	158550	0
158550	158600	0
158600	158650	0
158650	158700	0
158700	158750	0
158750	158800	0
158800	158850	0
158850	158900	0
158900	158950	0
158950	159000	0
159000	159050	0
159050	159100	0
159100	159150	0
159150	159200	0
159200	159250	0
159250	159300	0
159300	159350	0
159350	159400	0
159400	159450	0
159450	159500	0
159500	159550	0
159550	159600	0
159600	159650	0
159650	159700	0
159700	159750	0
159750	159800	0
159800	159850	0
159850	159900	0
159900	159950	0
159950	160000	0
160000	160050	0
160050	160100	0
160100	160150	0
160150	160200	1
160200	160250	0
160250	160300	0
160300	160350	0
160350	160400	0
160400	160450	0
160450	160500	1
160500	160550	0
160550	160600	0
160600	160650	0
160650	160700	0
160700	160750	0
160750	160800	0
160800	160850	0
160850	160900	0
160900	160950	1
160950	161000	0
161000	161050	0
161050	161100	0
161100	161150	0
161150	161200	0
161200	161250	0
161250	161300	0
161300	161350	0
161350	161400	0
161400	161450	0
161450	161500	1
161500	161550	0
161550	161600	0
161600	161650	0
161650	161700	0
161700	161750	0
161750	161800	0
161800	161850	1
161850	161900	0
161900	161950	0
161950	162000	0
162000	162050	0
162050	162100	0
162100	162150	0
162150	162200	0
162200	162250	0
162250	162300	0
162300	162350	0
162350	162400	0
162400	162450	0
162450	162500	0
162500	162550	0
162550	162600	0
162600	162650	0
162650	162700	0
162700	162750	1
162750	162800	0
162800	162850	0
162850	162900	0
162900	162950	0
162950	163000	0
163000	163050	0
163050	163100	0
163100	163150	0
163150	163200	0
163200	163250	0
163250	163300	0
163300	163350	0
163350	163400	0
163400	163450	0
163450	163500	0
163500	163550	0
163550	163600	0
163600	163650	0
163650	163700	0
163700	163750	0
163750	163800	1
163800	163850	0
163850	163900	0
163900	163950	0
163950	164000	0
164000	164050	0
164050	164100	0
164100	164150	0
164150	164200	0
164200	164250	0
164250	164300	0
164300	164350	0
164350	164400	0
164400	164450	0
164450	164500	0
164500	164550	0
164550	164600	0
164600	164650	0
164650	164700	0
164700	164750	0
164750	164800	0
164800	164850	0
164850	164900	0
164900	164950	0
164950	165000	0
165000	165050	0
165050	165100	0
165100	165150	0
165150	165200	0
165200	165250	0
165250	165300	0
165300	165350	0
165350	165400	0
165400	165450	1
165450	165500	0
165500	165550	0
165550	165600	0
165600	165650	0
165650	165700	0
165700	165750	0
165750	165800	0
165800	165850	0
165850	165900	0
165900	165950	0
165950	166000	0
166000	166050	0
166050	166100	0
166100	166150	0
166150	166200	0
166200	166250	0
166250	166300	0
166300	166350	0
166350	166400	0
166400	166450	0
166450	166500	0
166500	166550	0
166550	166600	0
166600	166650	0
166650	166700	0
166700	166750	0
166750	166800	0
166800	166850	0
166850	166900	0
166900	166950	0
166950	167000	0
167000	167050	0
167050	167100	0
167100	167150	0
167150	167200	0
167200	167250	0
167250	167300	0
167300	167350	0
167350	167400	0
167400	167450	0
167450	167500	0
167500	167550	0
167550	167600	0
167600	167650	0
167650	167700	0
167700	167750	0
167750	167800	0
167800	167850	0
167850	167900	0
167900	167950	0
167950	168000	0
168000	168050	0
168050	168100	0
168100	168150	0
168150	168200	0
168200	168250	0
168250	168300	0
168300	168350	0
168350	168400	1
168400	168450	0
168450	168500	0
168500	168550	0
168550	168600	0
168600	168650	0
168650	168700	0
168700	168750	1
168750	168800	0
168800	168850	0
168850	168900	0
168900	168950	0
168950	169000	0
169000	169050	0
169050	169100	0
169100	169150	0
169150	169200	0
169200	169250	0
169250	169300	1
169300	169350	0
169350	169400	0
169400	169450	0
169450	169500	0
169500	169550	0
169550	169600	0
169600	169650	0
169650	169700	0
169700	169750	0
169750	169800	0
169800	169850	0
169850	169900	0
169900	169950	1
169950	170000	1
170000	170050	0
170050	170100	0
170100	170150	0
170150	170200	0
170200	170250	0
170250	170300	0
170300	170350	0
170350	170400	0
170400	170450	0
170450	170500	0
170500	170550	0
170550	170600	0
170600	170650	0
170650	170700	0
170700	170750	0
170750	170800	0
170800	170850	0
170850	170900	0
170900	170950	0
170950	171000	0
171000	171050	0
171050	171100	0
171100	171150	0
171150	171200	0
171200	171250	0
171250	171300	0
171300	171350	0
171350	171400	0
171400	171450	0
171450	171500	0
171500	171550	0
171550	171600	0
171600	171650	0
171650	171700	0
171700	171750	0
171750	171800	0
171800	171850	0
171850	171900	0
171900	171950	0
171950	172000	0
172000	172050	0
172050	172100	0
172100	172150	0
172150	172200	0
172200	172250	0
172250	172300	0
172300	172350	0
172350	172400	0
172400	172450	0
172450	172500	0
172500	172550	0
172550	172600	0
172600	172650	0
172650	172700	0
172700	172750	0
172750	172800	1
172800	172850	0
172850	172900	0
172900	172950	0
172950	173000	0
173000	173050	1
173050	173100	0
173100	173150	0
173150	173200	0
173200	173250	0
173250	173300	0
173300	173350	0
173350	173400	0
173400	173450	0
173450	173500	0
173500	173550	0
173550	173600	0
173600	173650	0
173650	173700	0
173700	173750	0
173750	173800	1
173800	173850	1
173850	173900	0
173900	173950	0
173950	174000	0
174000	174050	0
174050	174100	0
174100	174150	0
174150	174200	0
174200	174250	0
174250	174300	0
174300	174350	1
174350	174400	0
174400	174450	0
174450	174500	0
174500	174550	0
174550	174600	0
174600	174650	0
174650	174700	0
174700	174750	0
174750	174800	0
174800	174850	0
174850	174900	0
174900	174950	0
174950	175000	0
175000	175050	0
175050	175100	0
175100	175150	0
175150	175200	0
175200	175250	0
175250	175300	0
175300	175350	0
175350	175400	0
175400	175450	0
175450	175500	0
175500	175550	1
175550	175600	0
175600	175650	0
175650	175700	0
175700	175750	0
175750	175800	0
175800	175850	0
175850	175900	0
175900	175950	0
175950	176000	0
176000	176050	0
176050	176100	0
176100	176150	0
176150	176200	0
176200	176250	0
176250	176300	0
176300	176350	0
176350	176400	0
176400	176450	0
176450	176500	0
176500	176550	0
176550	176600	0
176600	176650	0
176650	176700	0
176700	176750	0
176750	176800	0
176800	176850	1
176850	176900	0
176900	176950	0
176950	177000	0
177000	177050	0
177050	177100	0
177100	177150	0
177150	177200	0
177200	177250	0
177250	177300	0
177300	177350	0
177350	177400	0
177400	177450	0
177450	177500	0
177500	177550	0
177550	177600	0
177600	177650	0
177650	177700	0
177700	177750	0
177750	177800	0
177800	177850	0
177850	177900	0
177900	177950	0
177950	178000	0
178000	178050	0
178050	178100	0
178100	178150	0
178150	178200	0
178200	178250	0
178250	178300	0
178300	178350	0
178350	178400	0
178400	178450	0
178450	178500	0
178500	178550	0
178550	178600	0
178600	178650	0
178650	178700	0
178700	178750	0
178750	178800	0
178800	178850	0
178850	178900	0
178900	178950	0
178950	179000	0
179000	179050	0
179050	179100	0
179100	179150	0
179150	179200	0
179200	179250	0
179250	179300	0
179300	179350	0
179350	179400	0
179400	179450	0
179450	179500	0
179500	179550	0
179550	179600	0
179600	179650	0
179650	179700	0
179700	179750	0
179750	179800	0
179800	179850	0
179850	179900	0
179900	179950	0
179950	180000	0
180000	180050	0
180050	180100	0
180100	180150	0
180150	180200	0
180200	180250	0
180250	180300	0
180300	180350	0
180350	180400	0
180400	180450	0
180450	180500	0
180500	180550	0
180550	180600	0
180600	180650	0
180650	180700	0
180700	180750	0
180750	180800	0
180800	180850	0
180850	180900	0
180900	180950	0
180950	181000	0
181000	181050	0
181050	181100	0
181100	181150	0
181150	181200	0
181200	181250	0
181250	181300	0
181300	181350	0
181350	181400	0
181400	181450	0
181450	181500	1
181500	181550	1
181550	181600	0
181600	181650	0
181650	181700	0
181700	181750	0
181750	181800	0
181800	181850	0
181850	181900	0
181900	181950	1
181950	182000	0
182000	182050	0
182050	182100	0
182100	182150	0
182150	182200	0
182200	182250	0
182250	182300	0
182300	182350	0
182350	182400	0
182400	182450	0
182450	182500	0
182500	182550	0
182550	182600	0
182600	182650	0
182650	182700	0
182700	182750	0
182750	182800	0
182800	182850	0
182850	182900	0
182900	182950	0
182950	183000	0
183000	183050	0
183050	183100	0
183100	183150	0
183150	183200	0
183200	183250	0
183250	183300	0
183300	183350	0
183350	183400	0
183400	183450	0
183450	183500	0
183500	183550	0
183550	183600	0
183600	183650	1
183650	183700	0
183700	183750	0
183750	183800	0
183800	183850	0
183850	183900	0
183900	183950	0
183950	184000	0
184000	184050	0
184050	184100	1
184100	184150	0
184150	184200	1
184200	184250	0
184250	184300	0
184300	184350	0
184350	184400	1
184400	184450	0
184450	184500	0
184500	184550	0
184550	184600	0
184600	184650	0
184650	184700	0
184700	184750	0
184750	184800	0
184800	184850	0
184850	184900	0
184900	184950	0
184950	185000	0
185000	185050	0
185050	185100	0
185100	185150	0
185150	185200	0
185200	185250	0
185250	185300	0
185300	185350	0
185350	185400	0
185400	185450	0
185450	185500	0
185500	185550	0
185550	185600	0
185600	185650	0
185650	185700	0
185700	185750	0
185750	185800	0
185800	185850	0
185850	185900	0
185900	185950	0
185950	186000	0
186000	186050	0
186050	186100	0
186100	186150	0
186150	186200	0
186200	186250	0
186250	186300	0
186300	186350	0
186350	186400	0
186400	186450	0
186450	186500	0
186500	186550	0
186550	186600	0
186600	186650	0
186650	186700	0
186700	186750	0
186750	186800	0
186800	186850	0
186850	186900	0
186900	186950	0
186950	187000	0
187000	187050	0
187050	187100	0
187100	187150	0
187150	187200	0
187200	187250	0
187250	187300	0
187300	187350	0
187350	187400	0
187400	187450	0
187450	187500	0
187500	187550	0
187550	187600	0
187600	187650	0
187650	187700	0
187700	187750	1
187750	187800	0
187800	187850	0
187850	187900	0
187900	187950	0
187950	188000	0
188000	188050	0
188050	188100	0
188100	188150	0
188150	188200	0
188200	188250	0
188250	188300	0
188300	188350	0
188350	188400	0
188400	188450	0
188450	188500	0
188500	188550	0
188550	188600	0
188600	188650	0
188650	188700	0
188700	188750	0
188750	188800	0
188800	188850	0
188850	188900	0
188900	188950	0
188950	189000	0
189000	189050	0
189050	189100	0
189100	189150	0
189150	189200	0
189200	189250	0
189250	189300	0
189300	189350	0
189350	189400	0
189400	189450	0
189450	189500	0
189500	189550	0
189550	189600	0
189600	189650	0
189650	189700	0
189700	189750	0
189750	189800	0
189800	189850	0
189850	189900	1
189900	189950	0
189950	190000	0
190000	190050	0
190050	190100	0
190100	190150	0
190150	190200	0
190200	190250	1
190250	190300	0
190300	190350	0
190350	190400	0
190400	190450	0
190450	190500	0
190500	190550	0
190550	190600	0
190600	190650	0
190650	190700	0
190700	190750	0
190750	190800	1
190800	190850	0
190850	190900	0
190900	190950	0
190950	191000	0
191000	191050	0
191050	191100	0
191100	191150	0
191150	191200	0
191200	191250	0
191250	191300	0
191300	191350	0
191350	191400	0
191400	191450	0
191450	191500	0
191500	191550	0
191550	191600	0
191600	191650	0
191650	191700	0
191700	191750	0
191750	191800	0
191800	191850	0
191850	191900	0
191900	191950	0
191950	192000	1
192000	192050	0
192050	192100	1
192100	192150	0
192150	192200	0
192200	192250	1
192250	192300	0
192300	192350	0
192350	192400	0
192400	192450	0
192450	192500	0
192500	192550	0
192550	192600	0
192600	192650	0
192650	192700	0
192700	192750	0
192750	192800	0
192800	192850	0
192850	192900	0
192900	192950	0
192950	193000	0
193000	193050	0
193050	193100	0
193100	193150	0
193150	193200	0
193200	193250	0
193250	193300	0
193300	193350	0
193350	193400	0
193400	193450	0
193450	193500	0
193500	193550	0
193550	193600	0
193600	193650	0
193650	193700	1
193700	193750	0
193750	193800	0
193800	193850	0
193850	193900	0
193900	193950	0
193950	194000	1
194000	194050	0
194050	194100	0
194100	194150	0
194150	194200	0
194200	194250	0
194250	194300	0
194300	194350	0
194350	194400	0
194400	194450	0
194450	194500	0
194500	194550	0
194550	194600	0
194600	194650	0
194650	194700	0
194700	194750	0
194750	194800	0
194800	194850	0
194850	194900	0
194900	194950	0
194950	195000	0
195000	195050	0
195050	195100	0
195100	195150	1
195150	195200	0
195200	195250	0
195250	195300	1
195300	195350	0
195350	195400	0
195400	195450	0
195450	195500	0
195500	195550	0
195550	195600	0
195600	195650	0
195650	195700	1
195700	195750	0
195750	195800	1
195800	195850	0
195850	195900	0
195900	195950	0
195950	196000	0
196000	196050	1
196050	196100	0
196100	196150	0
196150	196200	0
196200	196250	0
196250	196300	0
196300	196350	1
196350	196400	0
196400	196450	0
196450	196500	0
196500	196550	0
196550	196600	0
196600	196650	0
196650	196700	0
196700	196750	2
196750	196800	0
196800	196850	0
196850	196900	0
196900	196950	0
196950	197000	0
197000	197050	1
197050	197100	0
197100	197150	0
197150	197200	0
197200	197250	0
197250	197300	0
197300	197350	0
197350	197400	0
197400	197450	0
197450	197500	0
197500	197550	0
197550	197600	0
197600	197650	0
197650	197700	0
197700	197750	0
197750	197800	1
197800	197850	0
197850	197900	0
197900	197950	0
197950	198000	0
198000	198050	0
198050	198100	0
198100	198150	0
198150	198200	0
198200	198250	0
198250	198300	0
198300	198350	0
198350	198400	0
198400	198450	0
198450	198500	0
198500	198550	0
198550	198600	0
198600	198650	0
198650	198700	0
198700	198750	1
198750	198800	0
198800	198850	0
198850	198900	0
198900	198950	0
198950	199000	0
199000	199050	0
199050	199100	0
199100	199150	0
199150	199200	0
199200	199250	0
199250	199300	0
199300	199350	0
199350	199400	0
199400	199450	0
199450	199500	1
199500	199550	0
199550	199600	0
199600	199650	0
199650	199700	0
199700	199750	0
199750	199800	0
199800	199850	0
199850	199900	0
199900	199950	0
199950	200000	0
200000	200050	0
200050	200100	0
200100	200150	0
200150	200200	0
200200	200250	0
200250	200300	0
200300	200350	0
200350	200400	0
200400	200450	1
200450	200500	0
200500	200550	0
200550	200600	0
200600	200650	0
200650	200700	0
200700	200750	0
200750	200800	0
200800	200850	0
200850	200900	0
200900	200950	1
200950	201000	0
201000	201050	0
201050	201100	0
201100	201150	0
201150	201200	0
201200	201250	0
201250	201300	1
201300	201350	0
201350	201400	0
201400	201450	0
201450	201500	0
201500	201550	0
201550	201600	0
201600	201650	0
201650	201700	0
201700	201750	1
201750	201800	0
201800	201850	0
201850	201900	0
201900	201950	0
201950	202000	0
202000	202050	0
202050	202100	0
202100	202150	0
202150	202200	0
202200	202250	0
202250	202300	0
202300	202350	0
202350	202400	0
202400	202450	0
202450	202500	0
202500	202550	0
202550	202600	0
202600	202650	0
202650	202700	0
202700	202750	0
202750	202800	0
202800	202850	0
202850	202900	0
202900	202950	0
202950	203000	0
203000	203050	0
203050	203100	0
203100	203150	0
203150	203200	0
203200	203250	0
203250	203300	0
203300	203350	0
203350	203400	0
203400	203450	0
203450	203500	0
203500	203550	0
203550	203600	0
203600	203650	0
203650	203700	0
203700	203750	0
203750	203800	0
203800	203850	0
203850	203900	0
203900	203950	0
203950	204000	0
204000	204050	0
204050	204100	0
204100	204150	0
204150	204200	0
204200	204250	1
204250	204300	0
204300	204350	0
204350	204400	0
204400	204450	0
204450	204500	1
204500	204550	0
204550	204600	0
204600	204650	0
204650	204700	0
204700	204750	0
204750	204800	0
204800	204850	0
204850	204900	0
204900	204950	0
204950	205000	0
205000	205050	0
205050	205100	0
205100	205150	0
205150	205200	0
205200	205250	0
205250	205300	0
205300	205350	0
205350	205400	0
205400	205450	0
205450	205500	0
205500	205550	0
205550	205600	0
205600	205650	0
205650	205700	0
205700	205750	0
205750	205800	0
205800	205850	0
205850	205900	0
205900	205950	0
205950	206000	0
206000	206050	0
206050	206100	1
206100	206150	0
206150	206200	0
206200	206250	0
206250	206300	0
206300	206350	1
206350	206400	0
206400	206450	0
206450	206500	0
206500	206550	0
206550	206600	0
206600	206650	0
206650	206700	0
206700	206750	0
206750	206800	1
206800	206850	0
206850	206900	0
206900	206950	0
206950	207000	0
207000	207050	0
207050	207100	0
207100	207150	0
207150	207200	0
207200	207250	1
207250	207300	0
207300	207350	0
207350	207400	0
207400	207450	0
207450	207500	0
207500	207550	0
207550	207600	0
207600	207650	0
207650	207700	0
207700	207750	0
207750	207800	0
207800	207850	0
207850	207900	0
207900	207950	0
207950	208000	0
208000	208050	0
208050	208100	0
208100	208150	0
208150	208200	0
208200	208250	1
208250	208300	0
208300	208350	0
208350	208400	0
208400	208450	0
208450	208500	0
208500	208550	0
208550	208600	0
208600	208650	0
208650	208700	0
208700	208750	0
208750	208800	0
208800	208850	0
208850	208900	0
208900	208950	0
208950	209000	0
209000	209050	0
209050	209100	0
209100	209150	0
209150	209200	0
209200	209250	0
209250	209300	0
209300	209350	0
209350	209400	0
209400	209450	0
209450	209500	0
209500	209550	0
209550	209600	0
209600	209650	0
209650	209700	0
209700	209750	0
209750	209800	0
209800	209850	0
209850	209900	0
209900	209950	0
209950	210000	0
210000	210050	0
210050	210100	0
210100	210150	0
210150	210200	0
210200	210250	0
210250	210300	0
210300	210350	0
210350	210400	0
210400	210450	0
210450	210500	0
210500	210550	0
210550	210600	0
210600	210650	0
210650	210700	0
210700	210750	0
210750	210800	0
210800	210850	0
210850	210900	0
210900	210950	0
210950	211000	0
211000	211050	0
211050	211100	0
211100	211150	0
211150	211200	0
211200	211250	1
211250	211300	0
211300	211350	0
211350	211400	0
211400	211450	0
211450	211500	0
211500	211550	0
211550	211600	0
211600	211650	0
211650	211700	0
211700	211750	0
211750	211800	1
211800	211850	0
211850	211900	0
211900	211950	0
211950	212000	0
212000	212050	0
212050	212100	0
212100	212150	0
212150	212200	0
212200	212250	0
212250	212300	0
212300	212350	0
212350	212400	0
212400	212450	0
212450	212500	0
212500	212550	0
212550	212600	0
212600	212650	0
212650	212700	1
212700	212750	0
212750	212800	0
212800	212850	0
212850	212900	0
212900	212950	0
212950	213000	0
213000	213050	0
213050	213100	0
213100	213150	1
213150	213200	0
213200	213250	0
213250	213300	0
213300	213350	0
213350	213400	0
213400	213450	0
213450	213500	0
213500	213550	0
213550	213600	0
213600	213650	0
213650	213700	0
213700	213750	1
213750	213800	0
213800	213850	0
213850	213900	0
213900	213950	0
213950	214000	0
214000	214050	0
214050	214100	0
214100	214150	0
214150	214200	0
214200	214250	0
214250	214300	1
214300	214350	0
214350	214400	0
214400	214450	0
214450	214500	0
214500	214550	0
214550	214600	0
214600	214650	0
214650	214700	0
214700	214750	0
214750	214800	0
214800	214850	1
214850	214900	0
214900	214950	0
214950	215000	0
215000	215050	0
215050	215100	0
215100	215150	0
215150	215200	0
215200	215250	0
215250	215300	0
215300	215350	1
215350	215400	0
215400	215450	0
215450	215500	0
215500	215550	0
215550	215600	0
215600	215650	0
215650	215700	0
215700	215750	0
215750	215800	0
215800	215850	0
215850	215900	0
215900	215950	0
215950	216000	0
216000	216050	0
216050	216100	0
216100	216150	0
216150	216200	0
216200	216250	0
216250	216300	0
216300	216350	0
216350	216400	0
216400	216450	0
216450	216500	0
216500	216550	0
216550	216600	0
216600	216650	0
216650	216700	0
216700	216750	0
216750	216800	0
216800	216850	0
216850	216900	0
216900	216950	0
216950	217000	0
217000	217050	0
217050	217100	0
217100	217150	0
217150	217200	0
217200	217250	0
217250	217300	0
217300	217350	0
217350	217400	0
217400	217450	1
217450	217500	0
217500	217550	0
217550	217600	0
217600	217650	0
217650	217700	0
217700	217750	0
217750	217800	0
217800	217850	0
217850	217900	0
217900	217950	0
217950	218000	0
218000	218050	0
218050	218100	0
218100	218150	0
218150	218200	0
218200	218250	0
218250	218300	0
218300	218350	0
218350	218400	0
218400	218450	0
218450	218500	0
218500	218550	0
218550	218600	0
218600	218650	0
218650	218700	0
218700	218750	0
218750	218800	0
218800	218850	0
218850	218900	0
218900	218950	0
218950	219000	0
219000	219050	0
219050	219100	0
219100	219150	0
219150	219200	0
219200	219250	0
219250	219300	0
219300	219350	0
219350	219400	0
219400	219450	0
219450	219500	0
219500	219550	0
219550	219600	0
219600	219650	0
219650	219700	0
219700	219750	0
219750	219800	1
219800	219850	0
219850	219900	1
219900	219950	0
219950	220000	0
220000	220050	1
220050	220100	0
220100	220150	0
220150	220200	0
220200	220250	0
220250	220300	0
220300	220350	0
220350	220400	0
220400	220450	0
220450	220500	0
220500	220550	0
220550	220600	0
220600	220650	1
220650	220700	0
220700	220750	1
220750	220800	0
220800	220850	0
220850	220900	1
220900	220950	0
220950	221000	0
221000	221050	0
221050	221100	0
221100	221150	0
221150	221200	0
221200	221250	0
221250	221300	0
221300	221350	1
221350	221400	0
221400	221450	0
221450	221500	0
221500	221550	0
221550	221600	0
221600	221650	0
221650	221700	0
221700	221750	0
221750	221800	0
221800	221850	0
221850	221900	0
221900	221950	0
221950	222000	0
222000	222050	0
222050	222100	0
222100	222150	0
222150	222200	0
222200	222250	0
222250	222300	0
222300	222350	1
222350	222400	0
222400	222450	1
222450	222500	0
222500	222550	0
222550	222600	0
222600	222650	0
222650	222700	0
222700	222750	0
222750	222800	0
222800	222850	0
222850	222900	1
222900	222950	0
222950	223000	0
223000	223050	0
223050	223100	0
223100	223150	1
223150	223200	0
223200	223250	0
223250	223300	0
223300	223350	0
223350	223400	0
223400	223450	1
223450	223500	0
223500	223550	0
223550	223600	0
223600	223650	1
223650	223700	0
223700	223750	0
223750	223800	0
223800	223850	0
223850	223900	0
223900	223950	1
223950	224000	0
224000	224050	0
224050	224100	0
224100	224150	0
224150	224200	0
224200	224250	1
224250	224300	0
224300	224350	0
224350	224400	0
224400	224450	0
224450	224500	0
224500	224550	0
224550	224600	0
224600	224650	0
224650	224700	0
224700	224750	0
224750	224800	0
224800	224850	0
224850	224900	0
224900	224950	0
224950	225000	0
225000	225050	0
225050	225100	0
225100	225150	0
225150	225200	0
225200	225250	0
225250	225300	0
225300	225350	0
225350	225400	0
225400	225450	0
225450	225500	1
225500	225550	0
225550	225600	0
225600	225650	0
225650	225700	0
225700	225750	0
225750	225800	0
225800	225850	0
225850	225900	0
225900	225950	1
225950	226000	0
226000	226050	0
226050	226100	1
226100	226150	1
226150	226200	0
226200	226250	0
226250	226300	0
226300	226350	0
226350	226400	0
226400	226450	0
226450	226500	0
226500	226550	0
226550	226600	0
226600	226650	0
226650	226700	0
226700	226750	0
226750	226800	0
226800	226850	0
226850	226900	0
226900	226950	0
226950	227000	0
227000	227050	0
227050	227100	0
227100	227150	0
227150	227200	0
227200	227250	0
227250	227300	0
227300	227350	0
227350	227400	0
227400	227450	0
227450	227500	0
227500	227550	0
227550	227600	0
227600	227650	0
227650	227700	0
227700	227750	0
227750	227800	0
227800	227850	0
227850	227900	0
227900	227950	1
227950	228000	0
228000	228050	0
228050	228100	0
228100	228150	0
228150	228200	0
228200	228250	0
228250	228300	0
228300	228350	1
228350	228400	0
228400	228450	0
228450	228500	0
228500	228550	0
228550	228600	0
228600	228650	1
228650	228700	0
228700	228750	0
228750	228800	1
228800	228850	1
228850	228900	0
228900	228950	0
228950	229000	0
229000	229050	0
229050	229100	0
229100	229150	0
229150	229200	1
229200	229250	0
229250	229300	0
229300	229350	0
229350	229400	0
229400	229450	0
229450	229500	0
229500	229550	0
229550	229600	0
229600	229650	0
229650	229700	0
229700	229750	0
229750	229800	0
229800	229850	0
229850	229900	0
229900	229950	0
229950	230000	0
230000	230050	0
230050	230100	0
230100	230150	0
230150	230200	0
230200	230250	0
230250	230300	0
230300	230350	0
230350	230400	1
230400	230450	0
230450	230500	0
230500	230550	0
230550	230600	0
230600	230650	0
230650	230700	0
230700	230750	0
230750	230800	0
230800	230850	0
230850	230900	0
230900	230950	0
230950	231000	0
231000	231050	0
231050	231100	0
231100	231150	0
231150	231200	0
231200	231250	0
231250	231300	0
231300	231350	0
231350	231400	0
231400	231450	0
231450	231500	1
231500	231550	0
231550	231600	0
231600	231650	0
231650	231700	0
231700	231750	0
231750	231800	0
231800	231850	0
231850	231900	0
231900	231950	0
231950	232000	0
232000	232050	0
232050	232100	0
232100	232150	0
232150	232200	0
232200	232250	0
232250	232300	0
232300	232350	0
232350	232400	0
232400	232450	0
232450	232500	0
232500	232550	0
232550	232600	0
232600	232650	0
232650	232700	0
232700	232750	0
232750	232800	0
232800	232850	0
232850	232900	0
232900	232950	0
232950	233000	0
233000	233050	0
233050	233100	0
233100	233150	0
233150	233200	0
233200	233250	0
233250	233300	0
233300	233350	0
233350	233400	0
233400	233450	0
233450	233500	0
233500	233550	0
233550	233600	0
233600	233650	0
233650	233700	0
233700	233750	0
233750	233800	0
233800	233850	0
233850	233900	0
233900	233950	1
233950	234000	0
234000	234050	0
234050	234100	0
234100	234150	0
234150	234200	0
234200	234250	0
234250	234300	0
234300	234350	0
234350	234400	0
234400	234450	0
234450	234500	0
234500	234550	0
234550	234600	0
234600	234650	0
234650	234700	0
234700	234750	0
234750	234800	0
234800	234850	0
234850	234900	0
234900	234950	0
234950	235000	0
235000	235050	0
235050	235100	0
235100	235150	0
235150	235200	0
235200	235250	0
235250	235300	1
235300	235350	1
235350	235400	0
235400	235450	0
235450	235500	1
235500	235550	0
235550	235600	0
235600	235650	0
235650	235700	0
235700	235750	0
235750	235800	1
235800	235850	0
235850	235900	0
235900	235950	0
235950	236000	0
236000	236050	0
236050	236100	0
236100	236150	0
236150	236200	0
236200	236250	0
236250	236300	0
236300	236350	1
236350	236400	0
236400	236450	0
236450	236500	0
236500	236550	0
236550	236600	0
236600	236650	0
236650	236700	0
236700	236750	0
236750	236800	0
236800	236850	0
236850	236900	1
236900	236950	0
236950	237000	0
237000	237050	0
237050	237100	0
237100	237150	0
237150	237200	0
237200	237250	0
237250	237300	0
237300	237350	1
237350	237400	0
237400	237450	0
237450	237500	0
237500	237550	0
237550	237600	0
237600	237650	0
237650	237700	0
237700	237750	0
237750	237800	0
237800	237850	0
237850	237900	0
237900	237950	0
237950	238000	1
238000	238050	0
238050	238100	0
238100	238150	0
238150	238200	0
238200	238250	0
238250	238300	0
238300	238350	0
238350	238400	0
238400	238450	0
238450	238500	0
238500	238550	1
238550	238600	0
238600	238650	1
238650	238700	0
238700	238750	1
238750	238800	0
238800	238850	0
238850	238900	0
238900	238950	0
238950	239000	0
239000	239050	0
239050	239100	0
239100	239150	0
239150	239200	0
239200	239250	0
239250	239300	0
239300	239350	0
239350	239400	0
239400	239450	0
239450	239500	0
239500	239550	0
239550	239600	0
239600	239650	0
239650	239700	0
239700	239750	0
239750	239800	0
239800	239850	0
239850	239900	0
239900	239950	0
239950	240000	0
240000	240050	0
240050	240100	0
240100	240150	0
240150	240200	0
240200	240250	0
240250	240300	0
240300	240350	0
240350	240400	1
240400	240450	0
240450	240500	0
240500	240550	1
240550	240600	0
240600	240650	0
240650	240700	0
240700	240750	0
240750	240800	0
240800	240850	0
240850	240900	0
240900	240950	0
240950	241000	0
241000	241050	0
241050	241100	0
241100	241150	0
241150	241200	0
241200	241250	0
241250	241300	0
241300	241350	0
241350	241400	0
241400	241450	0
241450	241500	0
241500	241550	0
241550	241600	1
241600	241650	0
241650	241700	0
241700	241750	0
241750	241800	0
241800	241850	0
241850	241900	0
241900	241950	0
241950	242000	0
242000	242050	0
242050	242100	0
242100	242150	0
242150	242200	0
242200	242250	0
242250	242300	0
242300	242350	0
242350	242400	0
242400	242450	0
242450	242500	0
242500	242550	0
242550	242600	0
242600	242650	0
242650	242700	0
242700	242750	0
242750	242800	0
242800	242850	0
242850	242900	0
242900	242950	0
242950	243000	0
243000	243050	0
243050	243100	0
243100	243150	0
243150	243200	0
243200	243250	0
243250	243300	1
243300	243350	0
243350	243400	2
243400	243450	0
243450	243500	0
243500	243550	0
243550	243600	0
243600	243650	0
243650	243700	0
243700	243750	0
243750	243800	0
243800	243850	0
243850	243900	0
243900	243950	0
243950	244000	0
244000	244050	0
244050	244100	0
244100	244150	0
244150	244200	0
244200	244250	0
244250	244300	0
244300	244350	0
244350	244400	0
244400	244450	0
244450	244500	0
244500	244550	0
244550	244600	0
244600	244650	0
244650	244700	2
244700	244750	0
244750	244800	0
244800	244850	0
244850	244900	0
244900	244950	0
244950	245000	0
245000	245050	0
245050	245100	0
245100	245150	1
245150	245200	0
245200	245250	0
245250	245300	0
245300	245350	0
245350	245400	0
245400	245450	0
245450	245500	1
245500	245550	0
245550	245600	0
245600	245650	0
245650	245700	0
245700	245750	0
245750	245800	0
245800	245850	0
245850	245900	0
245900	245950	0
245950	246000	0
246000	246050	0
246050	246100	0
246100	246150	0
246150	246200	0
246200	246250	0
246250	246300	0
246300	246350	0
246350	246400	0
246400	246450	0
246450	246500	0
246500	246550	0
246550	246600	0
246600	246650	0
246650	246700	1
246700	246750	0
246750	246800	0
246800	246850	0
246850	246900	0
246900	246950	0
246950	247000	0
247000	247050	0
247050	247100	0
247100	247150	0
247150	247200	0
247200	247250	0
247250	247300	0
247300	247350	0
247350	247400	0
247400	247450	0
247450	247500	0
247500	247550	0
247550	247600	0
247600	247650	0
247650	247700	0
247700	247750	0
247750	247800	0
247800	247850	0
247850	247900	2
247900	247950	0
247950	248000	0
248000	248050	0
248050	248100	0
248100	248150	0
248150	248200	0
248200	248250	1
248250	248300	0
248300	248350	0
248350	248400	0
248400	248450	0
248450	248500	0
248500	248550	0
248550	248600	0
248600	248650	1
248650	248700	0
248700	248750	0
248750	248800	0
248800	248850	0
248850	248900	0
248900	248950	0
248950	249000	0
249000	249050	0
249050	249100	0
249100	249150	0
249150	249200	0
249200	249250	1
249250	249300	0
249300	249350	0
249350	249400	0
249400	249450	0
249450	249500	0
249500	249550	0
249550	249600	0
249600	249650	0
249650	249700	0
249700	249750	0
249750	249800	0
249800	249850	0
249850	249900	0
249900	249950	0
249950	250000	0
250000	250050	0
