0.45	0.01	359900	316150	396750
0.45	0.02	395072	357650	423550
0.45	0.03	417534	391600	442350
0.45	0.04	429600	407600	455300
0.45	0.05	442894	422950	474050
0.45	0.25	641601	577400	700050
0.45	0.45	959238	910350	994250
0.45	0.5	999422	968150	1.03285e+006


0.5	0.01	1.28656e+006	1.2161e+006	1.3719e+006
0.5	0.02	1.349e+006	1.29225e+006	1.41155e+006
0.5	0.03	1.40086e+006	1.3335e+006	1.49255e+006
0.5	0.04	1.44117e+006	1.37275e+006	1.5163e+006
0.5	0.05	1.48444e+006	1.40725e+006	1.534e+006
0.5	0.25	2.07872e+006	1.88505e+006	2.2665e+006
0.5	0.45	3.68577e+006	3.5114e+006	3.8566e+006
0.5	0.5	3.86525e+006	3.69695e+006	3.9714e+006
