1	1	7.14281e-006
50	50	0.0714066
100	100	0.0489139
150	150	0.0225356
200	200	1.42856e-005
250	250	0.014757
300	300	0.0286284
350	350	0.0278427
400	400	0.000185713
550	550	0.000557139
600	600	0.0019857
650	650	0.0238284
700	700	0.0280355
750	750	0.0143999
800	800	0.0022357
850	850	0.000371426
900	900	1.42856e-005
1250	1250	2.14284e-005
1350	1350	0.00058571
1400	1400	0.00363569
1450	1450	0.0062071
1500	1500	0.00968565
1550	1550	0.0176642
1600	1600	0.0160499
1650	1650	0.00401426
1700	1700	0.00971422
1750	1750	0.00335712
1800	1800	0.000128571
1850	1850	0.000342855
1950	1950	2.14284e-005
2400	2400	7.14281e-006
2450	2450	4.28568e-005
2600	2600	0.000207141
2650	2650	0.000335712
2700	2700	0.000714281
2850	2850	0.00905708
2900	2900	0.0154927
2950	2950	0.0176784
3050	3050	0.00506425
3100	3100	0.00494996
3150	3150	0.00394283
3200	3200	0.00331426
3300	3300	0.00512853
3350	3350	0.00369283
3400	3400	0.00127142
3450	3450	0.000199999
3500	3500	0.000278569
3550	3550	2.14284e-005
3600	3600	1.42856e-005
3700	3700	1.42856e-005
5750	5750	1.42856e-005
5850	5850	2.14284e-005
6050	6050	7.14281e-005
6100	6100	0.000135713
6150	6150	0.000249998
6250	6250	0.000671424
6300	6300	0.00137856
6350	6350	0.0018857
6450	6450	0.00277141
6600	6600	0.00357855
6650	6650	0.00962136
6750	6750	0.00589282
6800	6800	0.00572853
6850	6850	0.00591424
6900	6900	0.0057571
7100	7100	0.00552139
7200	7200	0.00862851
7250	7250	0.00349998
7300	7300	0.00265712
7400	7400	0.00379283
7450	7450	0.00114285
7550	7550	0.00129285
7600	7600	0.000421426
7700	7700	0.000385712
7800	7800	0.000207141
7950	7950	6.42853e-005
8050	8050	7.85709e-005
8100	8100	1.42856e-005
8250	8250	7.14281e-006
8450	8450	1.42856e-005
8500	8500	7.14281e-006
10400	10400	7.14281e-006
10600	10600	2.14284e-005
11200	11200	1.42856e-005
11850	11850	4.28568e-005
11900	11900	0.000164285
12000	12000	0.000378569
12100	12100	0.000728566
12200	12200	0.00110713
12400	12400	0.00196427
12550	12550	0.00599281
12600	12600	0.00431425
12800	12800	0.00504996
13150	13150	0.00606424
13200	13200	0.00621424
13250	13250	0.0117356
13350	13350	0.00514996
13500	13500	0.00472139
13750	13750	0.00413568
13950	13950	0.00339283
14100	14100	0.00267141
14150	14150	0.0019357
14300	14300	0.00155713
14600	14600	0.00215713
14750	14750	0.00063571
14800	14800	0.000449997
15050	15050	0.000285712
15200	15200	0.00017857
15550	15550	0.000149999
15650	15650	0.000185713
15750	15750	7.14281e-006
15800	15800	7.14281e-006
15900	15900	7.14281e-006
22550	22550	1.42856e-005
22700	22700	3.5714e-005
23550	23550	3.5714e-005
23650	23650	0.000185713
23700	23700	0.000392854
24200	24200	0.000549996
24350	24350	0.00132142
25100	25100	0.00407854
25150	25150	0.00381426
25950	25950	0.00437854
26200	26200	0.00496425
26250	26250	0.00567139
26500	26500	0.00589996
26950	26950	0.00619281
27550	27550	0.00579282
27600	27600	0.00537853
27750	27750	0.00489997
28050	28050	0.00422854
28200	28200	0.00349283
28550	28550	0.00257141
28900	28900	0.00224284
28950	28950	0.00156427
29150	29150	0.00127856
29300	29300	0.000821423
29650	29650	0.00053571
29700	29700	0.000342855
30300	30300	0.000414283
30350	30350	0.000135713
31000	31000	7.85709e-005
31150	31150	4.28568e-005
31600	31600	3.5714e-005
32150	32150	2.85712e-005
32400	32400	7.14281e-006
49850	49850	4.28568e-005
50350	50350	5.71424e-005
51250	51250	0.000171427
52400	52400	0.000349998
53150	53150	0.000685709
54300	54300	0.00109285
54350	54350	0.00176427
54700	54700	0.00607139
55550	55550	0.0043714
57450	57450	0.00529282
57600	57600	0.00564996
58100	58100	0.00598567
58200	58200	0.00603567
58700	58700	0.00574996
58800	58800	0.00537853
58850	58850	0.00462854
59350	59350	0.00428568
59850	59850	0.00327141
60700	60700	0.00298569
60750	60750	0.00209284
61100	61100	0.00166427
61150	61150	0.00109285
61850	61850	0.000878565
62450	62450	0.000571424
62950	62950	0.000492854
63250	63250	0.000264284
63300	63300	0.000128571
63900	63900	0.000192856
64900	64900	9.99993e-005
66000	66000	3.5714e-005
66800	66800	2.85712e-005
66950	66950	7.14281e-006
67550	67550	7.14281e-006
89550	89550	7.14281e-006
94700	94700	7.14281e-006
95450	95450	6.42853e-005
95500	95500	0.00017857
96100	96100	0.000399997
100150	100150	0.000621424
100300	100300	0.00108571
100850	100850	0.00175713
104800	104800	0.00284284
104950	104950	0.00324283
108100	108100	0.00452854
108500	108500	0.00512853
109100	109100	0.00597139
110000	110000	0.0060571
110600	110600	0.00579996
110800	110800	0.00567139
112050	112050	0.00532853
114600	114600	0.00449997
114750	114750	0.00429283
116250	116250	0.00331426
116900	116900	0.00283569
117650	117650	0.0021357
118700	118700	0.00167142
119400	119400	0.00139285
119850	119850	0.000857137
120500	120500	0.00058571
120650	120650	0.000349998
120750	120750	0.000328569
123400	123400	0.000164285
123500	123500	9.28565e-005
124000	124000	9.99993e-005
125250	125250	3.5714e-005
125950	125950	1.42856e-005
127000	127000	3.5714e-005
127550	127550	1.42856e-005
128600	128600	7.14281e-006
129100	129100	7.14281e-006
192700	192700	2.85712e-005
197000	197000	8.57137e-005
197750	197750	0.000157142
198300	198300	0.00040714
203050	203050	0.000571424
204800	204800	0.00112856
205250	205250	0.00150713
206800	206800	0.00239284
207950	207950	0.00346426
210550	210550	0.00456425
211700	211700	0.00493568
229550	229550	0.00561425
232800	232800	0.00618567
234600	234600	0.00644281
235300	235300	0.00594996
237900	237900	0.00548568
240200	240200	0.00467854
240750	240750	0.00414283
243750	243750	0.00344283
245100	245100	0.00289284
245150	245150	0.00211427
247150	247150	0.00155713
248150	248150	0.00103571
249700	249700	0.000849994
249950	249950	0.000749995
250250	250250	0.000399997
251050	251050	0.000192856
252800	252800	0.000135713
258750	258750	6.42853e-005
259050	259050	9.28565e-005
261800	261800	4.28568e-005
266600	266600	4.99996e-005
266850	266850	2.14284e-005
269450	269450	7.14281e-006
270750	270750	2.14284e-005
277500	277500	7.14281e-006
281100	281100	7.14281e-006
394700	394700	7.14281e-006
396750	396750	7.14281e-006
407600	407600	8.57137e-005
412150	412150	0.00017857
413150	413150	0.000392854
422050	422050	0.000614281
422950	422950	0.00120713
423550	423550	0.00167142
424100	424100	0.0025357
427250	427250	0.00350712
432050	432050	0.00425711
433050	433050	0.00514282
437950	437950	0.00528568
438150	438150	0.0060571
442350	442350	0.00612138
444400	444400	0.00612853
446900	446900	0.00528568
447150	447150	0.00472139
447750	447750	0.00416426
455300	455300	0.00359283
462050	462050	0.00289998
462300	462300	0.00202856
466800	466800	0.00182142
470350	470350	0.0013857
472000	472000	0.000728566
474050	474050	0.000514282
474200	474200	0.000385712
475250	475250	0.000199999
477300	477300	0.000214284
477500	477500	0.000114285
478250	478250	4.99996e-005
478950	478950	3.5714e-005
481350	481350	2.14284e-005
481700	481700	7.14281e-006
482800	482800	3.5714e-005
484400	484400	7.14281e-006
486500	486500	1.42856e-005
717100	717100	7.14281e-006
732150	732150	3.5714e-005
758100	758100	5.71424e-005
763950	763950	0.000164285
764400	764400	0.000399997
766350	766350	0.000564282
767900	767900	0.00116428
783650	783650	0.00191427
783700	783700	0.00247855
784200	784200	0.00339998
785500	785500	0.00454997
788050	788050	0.00564996
791300	791300	0.00588567
794650	794650	0.0060071
795650	795650	0.00584282
802150	802150	0.00569282
804900	804900	0.00532853
805900	805900	0.00479997
807750	807750	0.0038714
810700	810700	0.0033714
815400	815400	0.00261427
816100	816100	0.00195713
816400	816400	0.00152142
822800	822800	0.00114285
824000	824000	0.000878565
827350	827350	0.000749995
835800	835800	0.00040714
836600	836600	0.000621424
844900	844900	0.000164285
852150	852150	9.28565e-005
854050	854050	4.99996e-005
860650	860650	2.14284e-005
861300	861300	7.14281e-006
874700	874700	7.14281e-006
877900	877900	7.14281e-006
