0.15	0	50	50	50
0.15	0.005	50	50	50
0.15	0.01	50	50	50
0.15	0.015	50	50	50
0.15	0.02	50	50	50
0.15	0.025	50	50	50
0.15	0.03	50	50	50
0.15	0.035	50.001	50	50
0.15	0.04	50	50	50
0.15	0.045	50.007	50	50
0.15	0.05	50.016	50	50


0.175	0	52.457	50	100
0.175	0.005	71.073	50	100
0.175	0.01	90.939	50	100
0.175	0.015	99.465	100	100
0.175	0.02	99.946	100	100
0.175	0.025	100.03	100	100
0.175	0.03	100.297	100	100
0.175	0.035	101.042	100	100
0.175	0.04	103.001	100	150
0.175	0.045	108.968	100	150
0.175	0.05	115.762	100	150


0.2	0	150.9	150	150
0.2	0.005	161.947	150	200
0.2	0.01	182.68	150	250
0.2	0.015	208.365	150	250
0.2	0.02	222.455	200	250
0.2	0.025	235.875	200	250
0.2	0.03	251.411	200	300
0.2	0.035	261.224	200	350
0.2	0.04	272.999	250	350
0.2	0.045	294.266	250	350
0.2	0.05	309.078	250	350


0.225	0	288.156	250	350
0.225	0.005	361.261	250	450
0.225	0.01	411.167	350	550
0.225	0.015	481.321	350	600
0.225	0.02	520.91	400	650
0.225	0.025	553.936	450	650
0.225	0.03	596.779	500	700
0.225	0.035	621.853	550	700
0.225	0.04	645.007	550	750
0.225	0.045	675.268	550	750
0.225	0.05	694.221	600	800


0.25	0	1025.7	1000	1100
0.25	0.005	1086.58	1000	1150
0.25	0.01	1126.29	1050	1250
0.25	0.015	1191.55	1100	1400
0.25	0.02	1248.11	1100	1400
0.25	0.025	1307.6	1150	1500
0.25	0.03	1385.91	1150	1550
0.25	0.035	1430.73	1250	1600
0.25	0.04	1472.11	1350	1700
0.25	0.045	1534.54	1350	1700
0.25	0.05	1573.74	1400	1750


0.275	0	1451.02	1300	1900
0.275	0.005	1787.23	1300	2300
0.275	0.01	2006.99	1650	2450
0.275	0.015	2276.02	1900	2700
0.275	0.02	2427.44	1950	2850
0.275	0.025	2555.29	2200	2900
0.275	0.03	2713.96	2350	2950
0.275	0.035	2794.36	2400	3050
0.275	0.04	2863.15	2600	3200
0.275	0.045	2954.47	2650	3350
0.275	0.05	3019.03	2850	3400


0.3	0	3686.36	3450	4700
0.3	0.005	4402.8	3450	5500
0.3	0.01	4943.45	3850	5850
0.3	0.015	5497.63	4700	6250
0.3	0.02	5764.69	4950	6350
0.3	0.025	5987.62	5400	6650
0.3	0.03	6257.94	5650	6850
0.3	0.035	6409.77	5750	7100
0.3	0.04	6563.43	6050	7250
0.3	0.045	6779.86	6150	7400
0.3	0.05	6919.05	6300	7550


0.5	0	1.20433e+006	1.1885e+006	1.258e+006
0.5	0.005	1.25073e+006	1.1885e+006	1.3128e+006
0.5	0.01	1.28663e+006	1.2161e+006	1.3719e+006
0.5	0.015	1.32598e+006	1.258e+006	1.3918e+006
0.5	0.02	1.34866e+006	1.29225e+006	1.41155e+006
0.5	0.025	1.37041e+006	1.3072e+006	1.4462e+006
0.5	0.03	1.40068e+006	1.3335e+006	1.49255e+006
0.5	0.035	1.42094e+006	1.3405e+006	1.501e+006
0.5	0.04	1.44091e+006	1.37275e+006	1.5163e+006
0.5	0.045	1.46884e+006	1.3804e+006	1.52525e+006
0.5	0.05	1.48451e+006	1.40725e+006	1.534e+006
