0.3	0.05	6923.86	6300	7550
0.3	0.1	8462.6	7600	9450
0.3	0.15	9868.66	9100	10400
0.3	0.2	10772.8	10200	11550
0.3	0.25	11796.2	11050	12650
0.3	0.3	12800.7	11900	13850
0.3	0.35	13957.7	13000	14850
0.3	0.4	14955.9	14000	15700
0.3	0.45	15907	15050	17000
0.3	0.5	16987.5	15950	18400
0.3	0.55	18342.3	17050	19500
0.3	0.6	19624	18500	20800
0.3	0.65	20913.9	19800	22000
0.3	0.7	22340.8	21100	24150
0.3	0.75	24259.2	22550	25500
0.3	0.8	26128.2	24950	27550
0.3	0.85	28552.1	26750	30800
0.3	0.9	32339	29950	34500
0.3	0.95	37654	34500	41150
