1	1	0
50	50	0
100	100	0
150	150	0
200	200	0
250	250	0
300	300	0
350	350	0
400	400	0
550	550	0
600	600	0
650	650	0
700	700	0
750	750	0
800	800	0
850	850	0
900	900	0
1250	1250	0
1350	1350	0
1400	1400	0
1450	1450	0
1500	1500	0
1550	1550	0
1600	1600	0
1650	1650	0
1700	1700	0
1750	1750	0
1800	1800	0
1850	1850	0
1950	1950	0
2400	2400	0
2450	2450	0
2600	2600	0
2650	2650	0
2700	2700	0
2850	2850	0
2900	2900	0
2950	2950	0
3050	3050	0
3100	3100	0
3150	3150	0
3200	3200	0
3300	3300	0
3350	3350	0
3400	3400	0
3450	3450	0
3500	3500	0
3550	3550	0
3600	3600	0
3700	3700	0
4700	4700	0
4950	4950	0
5000	5000	0
5400	5400	0
5500	5500	0
5650	5650	0.0001
5750	5750	0.0002
5850	5850	0.0006
6050	6050	0.0006
6100	6100	0.0017
6150	6150	0.0052
6250	6250	0.009
6300	6300	0.0183
6350	6350	0.0268
6450	6450	0.0358
6600	6600	0.0521
6650	6650	0.1405
6750	6750	0.0769
6800	6800	0.0836
6850	6850	0.0844
6900	6900	0.0744
7100	7100	0.0765
7200	7200	0.124
7250	7250	0.047
7300	7300	0.0368
7400	7400	0.0521
7450	7450	0.017
7550	7550	0.0202
7600	7600	0.0061
7700	7700	0.0062
7800	7800	0.0014
7950	7950	0.0007
8050	8050	0.0012
8100	8100	0.0004
8250	8250	0.0001
8300	8300	0.0001
8450	8450	0
8500	8500	0
8650	8650	0
8700	8700	0
8750	8750	0
9050	9050	0
9100	9100	0
9200	9200	0
9450	9450	0
9700	9700	0
9750	9750	0
9800	9800	0
10200	10200	0
10350	10350	0
10400	10400	0
10500	10500	0
10600	10600	0
10950	10950	0
11200	11200	0
11400	11400	0
11800	11800	0
11850	11850	0
11900	11900	0
12000	12000	0
12050	12050	0
12100	12100	0
12200	12200	0
12400	12400	0
12550	12550	0
12600	12600	0
12800	12800	0
13150	13150	0
13200	13200	0
13250	13250	0
13300	13300	0
13350	13350	0
13500	13500	0
13750	13750	0
13900	13900	0
13950	13950	0
14100	14100	0
14150	14150	0
14300	14300	0
14600	14600	0
14750	14750	0
14800	14800	0
15050	15050	0
15200	15200	0
15550	15550	0
15650	15650	0
15750	15750	0
15800	15800	0
15900	15900	0
22550	22550	0
22700	22700	0
23550	23550	0
23650	23650	0
23700	23700	0
24200	24200	0
24350	24350	0
25100	25100	0
25150	25150	0
25950	25950	0
26200	26200	0
26250	26250	0
26500	26500	0
26950	26950	0
27550	27550	0
27600	27600	0
27750	27750	0
28050	28050	0
28200	28200	0
28550	28550	0
28900	28900	0
28950	28950	0
29150	29150	0
29300	29300	0
29650	29650	0
29700	29700	0
30300	30300	0
30350	30350	0
31000	31000	0
31150	31150	0
31600	31600	0
32150	32150	0
32400	32400	0
49850	49850	0
50350	50350	0
51250	51250	0
52400	52400	0
53150	53150	0
54300	54300	0
54350	54350	0
54700	54700	0
55550	55550	0
57450	57450	0
57600	57600	0
58100	58100	0
58200	58200	0
58700	58700	0
58800	58800	0
58850	58850	0
59350	59350	0
59850	59850	0
60700	60700	0
60750	60750	0
61100	61100	0
61150	61150	0
61850	61850	0
62450	62450	0
62950	62950	0
63250	63250	0
63300	63300	0
63900	63900	0
64900	64900	0
66000	66000	0
66800	66800	0
66950	66950	0
67550	67550	0
89550	89550	0
94700	94700	0
95450	95450	0
95500	95500	0
96100	96100	0
100150	100150	0
100300	100300	0
100850	100850	0
104800	104800	0
104950	104950	0
108100	108100	0
108500	108500	0
109100	109100	0
110000	110000	0
110600	110600	0
110800	110800	0
112050	112050	0
114600	114600	0
114750	114750	0
116250	116250	0
116900	116900	0
117650	117650	0
118700	118700	0
119400	119400	0
119850	119850	0
120500	120500	0
120650	120650	0
120750	120750	0
123400	123400	0
123500	123500	0
124000	124000	0
125250	125250	0
125950	125950	0
127000	127000	0
127550	127550	0
128600	128600	0
129100	129100	0
192700	192700	0
197000	197000	0
197750	197750	0
198300	198300	0
203050	203050	0
204800	204800	0
205250	205250	0
206800	206800	0
207950	207950	0
210550	210550	0
211700	211700	0
229550	229550	0
232800	232800	0
234600	234600	0
235300	235300	0
237900	237900	0
240200	240200	0
240750	240750	0
243750	243750	0
245100	245100	0
245150	245150	0
247150	247150	0
248150	248150	0
249700	249700	0
249950	249950	0
250250	250250	0
251050	251050	0
252800	252800	0
258750	258750	0
259050	259050	0
261800	261800	0
266600	266600	0
266850	266850	0
269450	269450	0
270750	270750	0
277500	277500	0
281100	281100	0
394700	394700	0
396750	396750	0
407600	407600	0
412150	412150	0
413150	413150	0
422050	422050	0
422950	422950	0
423550	423550	0
424100	424100	0
427250	427250	0
432050	432050	0
433050	433050	0
437950	437950	0
438150	438150	0
442350	442350	0
444400	444400	0
446900	446900	0
447150	447150	0
447750	447750	0
455300	455300	0
462050	462050	0
462300	462300	0
466800	466800	0
470350	470350	0
472000	472000	0
474050	474050	0
474200	474200	0
475250	475250	0
477300	477300	0
477500	477500	0
478250	478250	0
478950	478950	0
481350	481350	0
481700	481700	0
482800	482800	0
484400	484400	0
486500	486500	0
717100	717100	0
732150	732150	0
758100	758100	0
763950	763950	0
764400	764400	0
766350	766350	0
767900	767900	0
783650	783650	0
783700	783700	0
784200	784200	0
785500	785500	0
788050	788050	0
791300	791300	0
794650	794650	0
795650	795650	0
802150	802150	0
804900	804900	0
805900	805900	0
807750	807750	0
810700	810700	0
815400	815400	0
816100	816100	0
816400	816400	0
822800	822800	0
824000	824000	0
827350	827350	0
835800	835800	0
836600	836600	0
844900	844900	0
852150	852150	0
854050	854050	0
860650	860650	0
861300	861300	0
874700	874700	0
877900	877900	0
